1	105	4	39	13	19	11	0	39	20	2	3	1	1.05263	0.181818	1	2	0	7	0.791667	0.458333	19	8	13	-1	10000000000	0	20	0	5	4	9	1	1	0	0	0	0	1	2	0	0	1.22222	0	3
0	94	4	35	12	17	10	0	35	18	2	3	1	1.05882	0.2	1	2	0	7	0.708333	0.416667	17	7	12	-1	10000000000	0	17	0	4	4	8	1	1	0	0	0	0	1	4	0	0	1.25	0	3
0	87	3	32	12	16	11	0	32	16	1	3	1	1	0.0909091	1	2	0	7	0.666667	0.458333	15	6	11	-1	10000000000	0	17	0	4	3	7	1	1	0	0	0	0	1	5	0	0	1.28571	0	3
0	54	2	18	5	11	5	1	17	7	0	1	0	0.636364	0	3	1.66667	0	7	0.458333	0.208333	9	2	7	-1	10000000000	0	14	0	3	2	5	1	0	0	0	0	0	0	6	0	0	1.2	0	2
0	15	1	2	1	2	1	0	2	0	0	0	0	0	0	1	4	0	7	0.0833333	0.0416667	1	0	1	-1	10000000000	0	2	0	0	1	2	0	0	0	0	0	0	0	6	0	0	0.5	0	0
1.24178e+06	167	2	62	23	13	22	0	62	49	1	7	1	3.76923	0.0454545	0	0	0	7	0.464286	0.785714	42	15	6	-1	10000000000	0	63	0	25	2	5	0	1	0	0	0	0	1	7	0	0	1.2	0	2
1.1515e+06	64	2	21	12	8	12	0	21	13	0	5	0	1.625	0	0	0	0	7	0.285714	0.428571	12	5	1	-1	10000000000	0	20	0	4	2	5	0	1	0	0	0	0	1	8	0	0	1.2	0	2
1	157	1	58	23	12	22	0	58	46	1	7	1	3.83333	0.0454545	0	0	0	7	0.428571	0.785714	40	15	5	-1	10000000000	0	57	0	23	1	4	0	1	0	0	0	0	1	9	0	0	1.25	0	2
1	54	1	17	12	7	12	0	17	10	0	3	0	1.42857	0	0	0	0	7	0.25	0.428571	10	5	0	-1	10000000000	0	14	0	2	1	4	0	1	0	0	0	0	1	10	0	0	1.25	0	2
0	76	4	22	9	13	8	0	22	9	1	1	1	0.692308	0.125	1	1	0	20	0.175676	0.108108	9	0	9	-1	10000000000	0	22	0	5	4	6	0	0	0	0	0	0	0	11	0	0	1	0	1
0	110	6	34	14	19	11	0	34	15	3	3	3	0.789474	0.272727	2	1	0	20	0.256757	0.148649	15	1	13	-1	10000000000	0	30	0	6	6	12	0	1	0	0	0	0	1	13	0	0	1.33333	0	5
0	141	9	46	17	25	13	0	46	21	4	4	4	0.84	0.307692	2	1	0	20	0.337838	0.175676	23	3	18	-1	10000000000	0	37	0	6	9	17	0	2	0	0	0	0	2	17	0	0	1.41176	0	8
0	182	11	66	21	40	18	0	66	26	3	8	3	0.65	0.166667	2	1	0	20	0.540541	0.243243	32	2	28	-1	10000000000	0	49	0	8	11	19	1	3	0	0	0	0	3	22	0	0	1.42105	0	9
0	213	13	82	23	47	19	0	82	35	4	11	4	0.744681	0.210526	3	2.66667	0	20	0.635135	0.256757	35	2	31	-1	10000000000	0	64	0	11	13	23	1	3	0	0	0	0	3	27	0	0	1.43478	0	11
0	218	14	84	22	48	19	0	84	36	3	11	3	0.75	0.157895	3	2.66667	0	20	0.648649	0.256757	37	2	32	-1	10000000000	0	64	0	10	14	25	1	3	0	0	0	0	3	32	0	0	1.44	0	12
0	210	14	78	22	48	19	0	78	30	3	9	3	0.625	0.157895	2	1	0	20	0.648649	0.256757	37	2	32	-1	10000000000	0	62	0	10	14	24	1	3	0	0	0	0	3	37	0	0	1.45833	0	12
1	195	12	72	22	44	19	0	72	28	3	8	3	0.636364	0.157895	2	1	0	20	0.594595	0.256757	34	2	30	-1	10000000000	0	56	0	10	12	20	1	3	0	0	0	0	3	42	0	0	1.45	0	10
0	170	10	59	21	34	17	0	59	25	4	6	4	0.735294	0.235294	2	1	0	20	0.459459	0.22973	29	3	24	-1	10000000000	0	45	0	8	10	19	1	3	0	0	0	0	3	47	0	0	1.47368	0	10
0	127	9	40	15	21	12	0	40	19	3	4	3	0.904762	0.25	2	1	0	20	0.283784	0.162162	18	1	15	-1	10000000000	0	37	0	6	9	16	0	2	0	0	0	0	2	51	0	0	1.4375	0	8
0	168	11	60	19	37	17	0	60	23	2	7	2	0.621622	0.117647	2	1	0	20	0.5	0.22973	27	0	25	-1	10000000000	0	49	0	8	11	18	1	3	0	0	0	0	3	56	0	0	1.44444	0	9
0	199	13	76	21	44	18	0	76	32	3	10	3	0.727273	0.166667	3	2.66667	0	20	0.594595	0.243243	30	0	28	-1	10000000000	0	64	0	11	13	22	1	3	0	0	0	0	3	61	0	0	1.45455	0	11
0	204	14	78	20	45	18	0	78	33	2	10	2	0.733333	0.111111	3	2.66667	0	20	0.608108	0.243243	32	0	29	-1	10000000000	0	64	0	10	14	24	1	3	0	0	0	0	3	66	0	0	1.45833	0	12
0	196	14	72	20	45	18	0	72	27	2	8	2	0.6	0.111111	2	1	0	20	0.608108	0.243243	32	0	29	-1	10000000000	0	62	0	10	14	23	1	3	0	0	0	0	3	71	0	0	1.47826	0	12
0	181	12	66	20	41	18	0	66	25	2	7	2	0.609756	0.111111	2	1	0	20	0.554054	0.243243	29	0	27	-1	10000000000	0	56	0	10	12	19	1	3	0	0	0	0	3	76	0	0	1.47368	0	10
0	156	10	53	19	31	16	0	53	22	3	5	3	0.709677	0.1875	2	1	0	20	0.418919	0.216216	24	1	21	-1	10000000000	0	45	0	8	10	18	1	3	0	0	0	0	3	81	0	0	1.5	0	10
0	146	10	48	19	26	16	0	48	22	3	5	2	0.846154	0.1875	2	1	0	20	0.351351	0.216216	21	5	16	-1	10000000000	0	37	0	5	10	18	0	3	0	0	0	0	3	86	0	0	1.33333	0	7
0	160	10	56	20	30	18	0	56	26	2	4	2	0.866667	0.111111	2	1	0	20	0.405405	0.243243	21	5	19	-1	10000000000	0	48	0	8	10	20	0	3	0	0	0	0	3	91	0	0	1.45	0	10
0	174	10	62	23	32	20	0	62	30	3	5	2	0.9375	0.15	2	1	0	20	0.432432	0.27027	31	9	22	-1	10000000000	0	37	0	5	10	18	0	3	0	0	0	0	3	96	0	0	1.33333	0	7
0	160	10	56	20	30	18	0	56	26	2	4	2	0.866667	0.111111	2	1	0	20	0.405405	0.243243	21	5	19	-1	10000000000	0	48	0	8	10	20	0	3	0	0	0	0	3	101	0	0	1.45	0	10
0	116	8	37	14	21	13	0	37	16	1	4	1	0.761905	0.0769231	2	1	0	20	0.283784	0.175676	14	0	13	-1	10000000000	0	35	0	5	8	15	0	2	0	0	0	0	2	104	0	0	1.46667	0	8
0	104	5	32	14	18	11	0	32	14	3	2	3	0.777778	0.272727	2	1	0	20	0.243243	0.148649	13	1	12	-1	10000000000	0	28	0	6	5	11	0	1	0	0	0	0	1	105	0	0	1.36364	0	5
0	135	8	44	17	24	13	0	44	20	4	4	4	0.833333	0.307692	2	1	0	20	0.324324	0.175676	21	3	17	-1	10000000000	0	35	0	6	8	16	0	2	0	0	0	0	2	108	0	0	1.4375	0	8
0	176	10	64	21	39	18	0	64	25	3	8	3	0.641026	0.166667	2	1	0	20	0.527027	0.243243	30	2	27	-1	10000000000	0	47	0	8	10	18	1	3	0	0	0	0	3	112	0	0	1.44444	0	9
0	207	12	80	23	46	19	0	80	34	4	11	4	0.73913	0.210526	3	2.66667	0	20	0.621622	0.256757	33	2	30	-1	10000000000	0	62	0	11	12	22	1	3	0	0	0	0	3	116	0	0	1.45455	0	11
0	212	13	82	22	47	19	0	82	35	3	11	3	0.744681	0.157895	3	2.66667	0	20	0.635135	0.256757	35	2	31	-1	10000000000	0	62	0	10	13	24	1	3	0	0	0	0	3	120	0	0	1.45833	0	12
0	204	13	76	22	47	19	0	76	29	3	9	3	0.617021	0.157895	2	1	0	20	0.635135	0.256757	35	2	31	-1	10000000000	0	60	0	10	13	23	1	3	0	0	0	0	3	124	0	0	1.47826	0	12
0	189	11	70	22	43	19	0	70	27	3	8	3	0.627907	0.157895	2	1	0	20	0.581081	0.256757	32	2	29	-1	10000000000	0	54	0	10	11	19	1	3	0	0	0	0	3	128	0	0	1.47368	0	10
0	164	9	57	21	33	17	0	57	24	4	6	4	0.727273	0.235294	2	1	0	20	0.445946	0.22973	27	3	23	-1	10000000000	0	43	0	8	9	18	1	3	0	0	0	0	3	132	0	0	1.5	0	10
0	121	8	38	15	20	12	0	38	18	3	4	3	0.9	0.25	2	1	0	20	0.27027	0.162162	16	1	14	-1	10000000000	0	35	0	6	8	15	0	2	0	0	0	0	2	135	0	0	1.46667	0	8
0	162	10	58	19	36	17	0	58	22	2	7	2	0.611111	0.117647	2	1	0	20	0.486486	0.22973	25	0	24	-1	10000000000	0	47	0	8	10	17	1	3	0	0	0	0	3	139	0	0	1.47059	0	9
0	193	12	74	21	43	18	0	74	31	3	10	3	0.72093	0.166667	3	2.66667	0	20	0.581081	0.243243	28	0	27	-1	10000000000	0	62	0	11	12	21	1	3	0	0	0	0	3	143	0	0	1.47619	0	11
0	198	13	76	20	44	18	0	76	32	2	10	2	0.727273	0.111111	3	2.66667	0	20	0.594595	0.243243	30	0	28	-1	10000000000	0	62	0	10	13	23	1	3	0	0	0	0	3	147	0	0	1.47826	0	12
0	190	13	70	20	44	18	0	70	26	2	8	2	0.590909	0.111111	2	1	0	20	0.594595	0.243243	30	0	28	-1	10000000000	0	60	0	10	13	22	1	3	0	0	0	0	3	151	0	0	1.5	0	12
0	52	2	18	8	8	8	0	18	10	0	2	0	1.25	0	1	1	0	8	0.266667	0.266667	6	5	5	-1	10000000000	0	17	0	4	2	5	0	0	0	0	0	0	0	557	0	0	1.2	0	2
0	24	2	5	4	4	4	0	5	1	0	1	0	0.25	0	0	0	0	8	0.133333	0.133333	1	0	1	-1	10000000000	0	6	0	0	2	4	0	0	0	0	0	0	0	559	0	0	1.25	0	2
0	75	4	26	10	18	8	0	26	8	2	2	2	0.444444	0.25	0	0	0	8	0.6	0.266667	12	2	10	-1	10000000000	0	18	0	4	4	9	0	1	0	0	0	0	1	561	0	0	1.22222	0	3
0	80	4	28	10	17	8	0	28	11	2	3	2	0.647059	0.25	1	5	0	8	0.566667	0.266667	13	3	10	-1	10000000000	0	16	0	3	4	9	0	1	0	0	0	0	1	563	0	0	1.22222	0	3
0	81	6	27	11	17	9	0	27	10	2	3	2	0.588235	0.222222	0	0	0	8	0.566667	0.3	12	3	9	-1	10000000000	0	16	0	2	6	13	0	1	0	0	0	0	1	567	0	0	1.30769	0	5
0	86	6	29	11	16	9	0	29	13	2	3	2	0.8125	0.222222	1	5	0	8	0.533333	0.3	13	4	9	-1	10000000000	0	14	0	1	6	13	0	1	0	0	0	0	1	571	0	0	1.30769	0	5
0	81	6	27	11	17	9	0	27	10	2	3	2	0.588235	0.222222	0	0	0	8	0.566667	0.3	12	3	9	-1	10000000000	0	16	0	2	6	13	0	1	0	0	0	0	1	575	0	0	1.30769	0	5
0	86	6	29	11	16	9	0	29	13	2	3	2	0.8125	0.222222	1	5	0	8	0.533333	0.3	13	4	9	-1	10000000000	0	14	0	1	6	13	0	1	0	0	0	0	1	579	0	0	1.30769	0	5
0	65	5	20	10	14	8	0	20	6	2	2	2	0.428571	0.25	0	0	0	8	0.466667	0.266667	8	2	6	-1	10000000000	0	15	0	2	5	10	0	1	0	0	0	0	1	582	0	0	1.3	0	4
0	70	5	22	10	13	8	0	22	9	2	3	2	0.692308	0.25	1	5	0	8	0.433333	0.266667	9	3	6	-1	10000000000	0	13	0	1	5	10	0	1	0	0	0	0	1	585	0	0	1.3	0	4
0	74	3	27	11	14	11	0	27	13	0	2	0	0.928571	0	1	1	0	8	0.466667	0.366667	10	6	8	-1	10000000000	0	20	0	5	3	7	0	1	0	0	0	0	1	587	0	0	1.28571	0	3
0	46	3	14	7	10	7	0	14	4	0	2	0	0.4	0	0	0	0	8	0.333333	0.233333	5	1	4	-1	10000000000	0	9	0	1	3	6	0	1	0	0	0	0	1	589	0	0	1.33333	0	3
0	48	7	11	4	6	2	0	11	5	2	1	1	0.833333	1	11	1.63636	0	2	0.857143	0.285714	0	0	0	0	0	1	29	0	0	7	11	0	1	0	0	0	0	1	594	0	0	1.27273	0	4
0	49	7	12	5	6	2	0	12	6	3	2	2	1	1.5	9	1.77778	0	2	0.857143	0.285714	0	0	0	0	0	1	30	0	1	7	11	0	1	0	0	0	0	1	599	0	0	1.27273	0	4
0	45	7	10	4	6	2	0	10	4	2	1	1	0.666667	1	10	1.6	0	2	0.857143	0.285714	0	0	0	0	0	1	27	0	0	7	10	0	1	0	0	0	0	1	604	0	0	1.3	0	4
0	46	7	11	5	6	2	0	11	5	3	2	2	0.833333	1.5	8	1.75	0	2	0.857143	0.285714	0	0	0	0	0	1	28	0	1	7	10	0	1	0	0	0	0	1	609	0	0	1.3	0	4
0	45	7	10	4	6	2	0	10	4	2	1	1	0.666667	1	10	1.6	0	2	0.857143	0.285714	0	0	0	0	0	1	27	0	0	7	10	0	1	0	0	0	0	1	614	0	0	1.3	0	4
0	46	7	11	5	6	2	0	11	5	3	2	2	0.833333	1.5	8	1.75	0	2	0.857143	0.285714	0	0	0	0	0	1	28	0	1	7	10	0	1	0	0	0	0	1	619	0	0	1.3	0	4
0	42	7	9	4	6	2	0	9	3	2	1	1	0.5	1	9	1.55556	0	2	0.857143	0.285714	0	0	0	0	0	1	25	0	0	7	9	0	1	0	0	0	0	1	624	0	0	1.33333	0	4
0	43	7	10	5	6	2	0	10	4	3	2	2	0.666667	1.5	7	1.71429	0	2	0.857143	0.285714	0	0	0	0	0	1	26	0	1	7	9	0	1	0	0	0	0	1	629	0	0	1.33333	0	4
0	39	6	9	3	6	2	0	9	3	1	1	1	0.5	0.5	9	1.44444	0	2	0.857143	0.285714	0	0	0	0	0	1	24	0	0	6	8	0	1	0	0	0	0	1	633	0	0	1.25	0	3
0	40	6	10	4	6	2	0	10	4	2	2	2	0.666667	1	7	1.57143	0	2	0.857143	0.285714	0	0	0	0	0	1	25	0	1	6	8	0	1	0	0	0	0	1	637	0	0	1.25	0	3
0	36	6	8	3	6	2	0	8	2	1	1	1	0.333333	0.5	8	1.375	0	2	0.857143	0.285714	0	0	0	0	0	1	22	0	0	6	7	0	1	0	0	0	0	1	641	0	0	1.28571	0	3
0	37	6	9	4	6	2	0	9	3	2	2	2	0.5	1	6	1.5	0	2	0.857143	0.285714	0	0	0	0	0	1	23	0	1	6	7	0	1	0	0	0	0	1	645	0	0	1.28571	0	3
0	26	3	6	2	6	2	0	6	0	0	0	0	0	0	6	1.66667	0	2	0.857143	0.285714	0	0	0	0	0	1	16	0	0	3	5	0	1	0	0	0	0	1	647	0	0	1.2	0	2
0	15	2	3	2	3	2	0	3	0	0	0	0	0	0	1	2	0	2	0.428571	0.285714	0	0	0	0	0	0	8	0	0	2	3	0	1	0	0	0	0	1	648	0	0	1.33333	0	2
0	13	1	2	4	2	3	0	2	0	1	0	1	0	0.333333	0	0	0	3	0.333333	0.5	0	0	0	0	0	0	3	0	0	1	3	0	0	0	0	0	0	0	648	0	0	1.66667	0	3
0	29	2	4	5	4	4	0	4	0	1	0	1	0	0.25	10	1.5	0	3	0.666667	0.666667	1	0	1	-1	10000000000	0	12	0	0	2	4	0	0	0	0	0	0	0	649	0	0	1.5	0	3
0	36	3	5	5	5	4	0	5	0	1	0	1	0	0.25	14	1.42857	0	3	0.833333	0.666667	1	0	1	-1	10000000000	0	18	0	0	3	5	0	0	0	0	0	0	0	651	0	0	1.4	0	3
1	36	3	5	5	5	4	0	5	0	1	0	1	0	0.25	14	1.42857	0	3	0.833333	0.666667	1	0	1	-1	10000000000	0	18	0	0	3	5	0	0	0	0	0	0	0	653	0	0	1.4	0	3
3	31	1	9	6	5	5	0	9	4	1	2	1	0.8	0.2	0	0	0	4	0.25	0.25	5	3	2	-1	10000000000	0	1	0	0	1	4	0	1	0	0	0	0	1	653	0	0	1	0	1
0	68	2	27	10	14	8	0	27	13	2	3	2	0.928571	0.25	0	0	0	4	0.7	0.4	15	5	10	-1	10000000000	0	2	0	0	2	6	0	2	0	0	0	0	2	653	0	0	1.16667	0	2
0	36	2	12	5	8	4	0	12	4	1	2	1	0.5	0.25	0	0	0	4	0.4	0.2	4	0	4	-1	10000000000	0	2	0	0	2	5	0	2	0	0	0	0	2	653	0	0	1.2	0	2
242	55	3	20	9	11	7	0	20	9	2	2	2	0.818182	0.285714	0	0	0	5	0.478261	0.304348	10	2	8	-1	10000000000	0	7	0	1	3	7	1	2	0	0	0	0	2	656	0	0	1.28571	0	3
175	58	3	21	10	12	7	0	21	9	3	2	3	0.75	0.428571	0	0	0	5	0.521739	0.304348	10	2	8	-1	10000000000	0	9	0	2	3	7	1	2	0	0	0	0	2	659	0	0	1.28571	0	3
75	47	4	15	9	8	6	0	15	7	3	3	2	0.875	0.5	0	0	0	5	0.347826	0.26087	5	1	4	-1	10000000000	0	4	0	0	4	9	3	3	0	0	0	0	3	663	0	0	1.33333	0	4
102	49	4	16	9	9	6	0	16	7	3	3	2	0.777778	0.5	0	0	0	5	0.391304	0.26087	6	1	5	-1	10000000000	0	4	0	0	4	9	3	3	0	0	0	0	3	667	0	0	1.22222	0	3
0	37	3	11	7	7	6	0	11	4	1	2	1	0.571429	0.166667	0	0	0	5	0.304348	0.26087	4	1	3	-1	10000000000	0	3	0	0	3	7	2	3	0	0	0	0	3	670	0	0	1.42857	0	4
0	26	1	8	6	6	6	0	8	2	0	1	0	0.333333	0	0	0	0	5	0.26087	0.26087	3	1	2	-1	10000000000	0	2	0	0	1	3	0	1	0	0	0	0	1	671	0	0	1	0	1
0	38	2	10	7	6	6	0	10	4	1	2	1	0.666667	0.166667	0	0	0	6	0.206897	0.206897	5	2	3	-1	10000000000	0	3	0	0	2	6	0	1	0	0	0	0	1	673	0	0	1.16667	0	2
1	38	2	10	7	6	6	0	10	4	1	2	1	0.666667	0.166667	0	0	0	6	0.206897	0.206897	5	2	3	-1	10000000000	0	3	0	0	2	6	0	1	0	0	0	0	1	675	0	0	1.16667	0	2
0	55	2	18	10	10	7	0	18	8	3	3	2	0.8	0.428571	0	0	0	6	0.344828	0.241379	9	3	6	-1	10000000000	0	3	0	0	2	6	0	2	0	0	0	0	2	677	0	0	1.16667	0	2
0	82	6	28	11	15	6	0	28	13	5	4	3	0.866667	0.833333	0	0	0	6	0.517241	0.206897	13	2	11	-1	10000000000	0	9	0	0	6	12	0	3	0	0	0	0	3	681	0	0	1.33333	0	5
0	97	7	34	12	19	6	0	34	15	6	4	4	0.789474	1	0	0	0	6	0.655172	0.206897	16	2	14	-1	10000000000	0	14	0	1	7	15	0	3	0	0	0	0	3	686	0	0	1.4	0	7
0	104	7	37	13	21	6	0	37	16	7	4	5	0.761905	1.16667	0	0	0	6	0.724138	0.206897	17	2	15	-1	10000000000	0	18	0	3	7	15	0	3	0	0	0	0	3	691	0	0	1.4	0	7
0	90	6	31	12	17	6	0	31	14	6	4	4	0.823529	1	0	0	0	6	0.586207	0.206897	14	2	12	-1	10000000000	0	12	0	1	6	14	0	3	0	0	0	0	3	696	0	0	1.42857	0	7
0	97	6	34	13	19	6	0	34	15	7	4	5	0.789474	1.16667	0	0	0	6	0.655172	0.206897	15	2	13	-1	10000000000	0	16	0	3	6	14	0	3	0	0	0	0	3	701	0	0	1.42857	0	7
0	67	4	22	11	11	6	0	22	11	5	4	3	1	0.833333	0	0	0	6	0.37931	0.206897	9	2	7	-1	10000000000	0	5	0	0	4	9	0	3	0	0	0	0	3	705	0	0	1.33333	0	4
0	68	3	23	10	13	6	0	23	10	4	4	3	0.769231	0.666667	0	0	0	6	0.448276	0.206897	8	1	7	-1	10000000000	5	6	2	0	3	7	0	3	0	0	0	0	3	708	0	0	1.28571	0	3
0	75	5	27	9	15	7	0	27	12	2	4	1	0.8	0.285714	2	2	0	8	0.75	0.35	10	2	8	-1	10000000000	0	14	0	0	5	11	0	1	0	0	0	0	1	708	0	0	1.27273	0	4
0	68	5	24	9	14	7	0	24	10	2	4	1	0.714286	0.285714	0	0	0	8	0.7	0.35	9	2	7	-1	10000000000	0	10	0	0	5	10	0	1	0	0	0	0	1	708	0	0	1.3	0	4
0	76	5	27	9	15	7	0	27	12	2	4	1	0.8	0.285714	2	2	0	8	0.75	0.35	10	2	8	-1	10000000000	0	15	0	1	5	11	0	1	0	0	0	0	1	708	0	0	1.27273	0	4
0	69	5	24	9	14	7	0	24	10	2	4	1	0.714286	0.285714	0	0	0	8	0.7	0.35	9	2	7	-1	10000000000	0	11	0	1	5	10	0	1	0	0	0	0	1	708	0	0	1.3	0	4
0	68	4	25	10	15	9	0	25	10	1	4	1	0.666667	0.111111	2	1.5	0	8	0.75	0.45	9	2	7	-1	10000000000	0	12	0	1	4	7	0	1	0	0	0	0	1	708	0	0	1.42857	0	4
0	75	5	28	10	16	9	0	28	12	1	4	1	0.75	0.111111	2	1.5	0	8	0.8	0.45	10	2	8	-1	10000000000	0	16	0	2	5	8	0	1	0	0	0	0	1	708	0	0	1.375	0	4
0	71	5	26	9	15	7	0	26	11	2	4	1	0.733333	0.285714	0	0	0	8	0.75	0.35	10	2	8	-1	10000000000	0	12	0	2	5	9	0	1	0	0	0	0	1	708	0	0	1.22222	0	3
0	64	3	23	10	14	9	0	23	9	1	3	1	0.642857	0.111111	2	1.5	0	8	0.7	0.45	9	2	7	-1	10000000000	0	11	0	1	3	6	0	1	0	0	0	0	1	708	0	0	1.5	0	4
0	71	4	26	10	15	9	0	26	11	1	3	1	0.733333	0.111111	2	1.5	0	8	0.75	0.45	10	2	8	-1	10000000000	0	15	0	2	4	7	0	1	0	0	0	0	1	708	0	0	1.42857	0	4
1	67	4	24	9	14	7	0	24	10	2	3	1	0.714286	0.285714	0	0	0	8	0.7	0.35	10	2	8	-1	10000000000	0	11	0	2	4	8	0	1	0	0	0	0	1	708	0	0	1.25	0	3
0	42	1	13	8	8	7	0	13	5	1	2	1	0.625	0.142857	0	0	0	8	0.4	0.35	6	2	4	-1	10000000000	0	2	0	0	1	4	0	1	0	0	0	0	1	708	0	0	1.25	0	2
0	45	1	17	5	11	4	0	17	6	1	2	1	0.545455	0.25	0	0	0	5	0.6875	0.25	9	1	8	-1	10000000000	0	7	0	2	1	6	0	1	0	0	0	0	1	708	0	0	1.5	0	4
0	55	2	22	5	15	5	2	20	7	0	3	0	0.466667	0	2	2	0	5	0.9375	0.3125	9	0	9	-1	10000000000	0	14	0	3	2	7	0	1	0	0	0	0	1	708	0	0	1.42857	0	4
1	52	2	20	5	13	4	0	20	7	1	2	1	0.538462	0.25	0	0	0	5	0.8125	0.25	10	1	9	-1	10000000000	0	11	0	3	2	7	0	1	0	0	0	0	1	708	0	0	1.42857	0	4
0	55	2	22	5	15	5	2	20	7	0	3	0	0.466667	0	2	2	0	5	0.9375	0.3125	9	0	9	-1	10000000000	0	14	0	3	2	7	0	1	0	0	0	0	1	708	0	0	1.42857	0	4
1	52	2	20	5	13	4	0	20	7	1	2	1	0.538462	0.25	0	0	0	5	0.8125	0.25	10	1	9	-1	10000000000	0	11	0	3	2	7	0	1	0	0	0	0	1	708	0	0	1.42857	0	4
0	54	2	22	5	15	5	2	20	7	0	3	0	0.466667	0	2	2	0	5	0.9375	0.3125	9	0	9	-1	10000000000	0	13	0	2	2	7	0	1	0	0	0	0	1	708	0	0	1.28571	0	3
0	51	2	20	5	13	4	0	20	7	1	2	1	0.538462	0.25	0	0	0	5	0.8125	0.25	10	1	9	-1	10000000000	0	10	0	2	2	7	0	1	0	0	0	0	1	708	0	0	1.28571	0	3
0	46	1	17	5	11	4	0	17	6	1	2	1	0.545455	0.25	0	0	0	5	0.6875	0.25	9	1	8	-1	10000000000	0	7	0	2	1	7	0	1	0	0	0	0	1	708	0	0	1.42857	0	4
0	23	1	7	4	6	4	0	7	1	0	1	0	0.166667	0	0	0	0	5	0.375	0.25	2	0	2	-1	10000000000	0	2	0	0	1	4	0	1	0	0	0	0	1	708	0	0	1.25	0	2
1	54	3	18	7	7	7	0	18	11	0	1	0	1.57143	0	3	1	0	1	0.538462	0.538462	12	6	6	-1	10000000000	0	3	0	0	3	7	3	0	0	0	0	0	0	711	0	0	1.28571	0	3
0	48	3	16	7	6	7	0	16	10	0	1	0	1.66667	0	2	1	0	1	0.461538	0.538462	11	6	5	-1	10000000000	0	3	0	0	3	6	3	0	0	0	0	0	0	714	0	0	1.33333	0	3
0	48	3	16	7	6	7	0	16	10	0	1	0	1.66667	0	2	1	0	1	0.461538	0.538462	11	6	5	-1	10000000000	0	3	0	0	3	6	3	0	0	0	0	0	0	717	0	0	1.33333	0	3
0	42	3	14	7	5	7	0	14	9	0	1	0	1.8	0	1	1	0	1	0.384615	0.538462	10	6	4	-1	10000000000	0	3	0	0	3	5	3	0	0	0	0	0	0	720	0	0	1.4	0	3
0	48	3	16	7	6	7	0	16	10	0	1	0	1.66667	0	2	1	0	1	0.461538	0.538462	11	6	5	-1	10000000000	0	3	0	0	3	6	3	0	0	0	0	0	0	723	0	0	1.33333	0	3
0	42	3	14	7	5	7	0	14	9	0	1	0	1.8	0	1	1	0	1	0.384615	0.538462	10	6	4	-1	10000000000	0	3	0	0	3	5	3	0	0	0	0	0	0	726	0	0	1.4	0	3
0	42	3	14	7	5	7	0	14	9	0	1	0	1.8	0	1	1	0	1	0.384615	0.538462	10	6	4	-1	10000000000	0	3	0	0	3	5	3	0	0	0	0	0	0	729	0	0	1.4	0	3
0	36	3	12	7	4	7	0	12	8	0	1	0	2	0	0	0	0	1	0.307692	0.538462	9	6	3	-1	10000000000	0	3	0	0	3	4	3	0	0	0	0	0	0	732	0	0	1.5	0	3
0	29	1	6	6	5	5	0	6	1	1	1	1	0.2	0.2	1	2	0	8	0.208333	0.208333	3	1	2	-1	10000000000	0	4	0	1	1	3	1	0	0	0	0	0	0	733	0	0	1.33333	0	2
0	103	9	37	9	21	7	0	37	16	2	5	2	0.761905	0.285714	5	2	0	8	0.875	0.291667	17	1	14	-1	10000000000	0	21	0	2	9	16	5	3	0	0	0	0	3	741	0	0	1.3125	0	6
0	102	9	36	9	21	7	0	36	15	2	5	2	0.714286	0.285714	5	2	0	8	0.875	0.291667	17	1	14	-1	10000000000	0	21	0	2	9	16	5	3	0	0	0	0	3	749	0	0	1.3125	0	6
0	98	8	35	9	20	8	0	35	15	1	5	1	0.75	0.125	6	1.83333	0	8	0.833333	0.333333	15	1	12	-1	10000000000	0	21	0	2	8	15	5	3	0	0	0	0	3	756	0	0	1.4	0	7
0	94	7	34	9	20	7	0	34	14	2	5	2	0.7	0.285714	5	2	0	8	0.833333	0.291667	16	1	13	-1	10000000000	0	18	0	2	7	13	4	3	0	0	0	0	3	762	0	0	1.23077	0	4
0	97	8	35	9	20	7	0	35	15	2	5	2	0.75	0.285714	5	2	0	8	0.833333	0.291667	16	1	13	-1	10000000000	0	19	0	2	8	14	5	3	0	0	0	0	3	769	0	0	1.35714	0	6
0	96	8	34	9	20	7	0	34	14	2	5	2	0.7	0.285714	5	2	0	8	0.833333	0.291667	16	1	13	-1	10000000000	0	19	0	2	8	14	5	3	0	0	0	0	3	776	0	0	1.35714	0	6
0	92	7	33	9	19	8	0	33	14	1	5	1	0.736842	0.125	6	1.83333	0	8	0.791667	0.333333	14	1	11	-1	10000000000	0	19	0	2	7	13	5	3	0	0	0	0	3	782	0	0	1.46154	0	7
0	100	9	36	9	21	7	0	36	15	2	5	2	0.714286	0.285714	4	2	0	8	0.875	0.291667	17	1	14	-1	10000000000	0	20	0	2	9	15	5	3	0	0	0	0	3	790	0	0	1.33333	0	6
0	99	9	35	9	21	7	0	35	14	2	5	2	0.666667	0.285714	4	2	0	8	0.875	0.291667	17	1	14	-1	10000000000	0	20	0	2	9	15	5	3	0	0	0	0	3	798	0	0	1.33333	0	6
0	95	8	34	9	20	8	0	34	14	1	5	1	0.7	0.125	5	1.8	0	8	0.833333	0.333333	15	1	12	-1	10000000000	0	20	0	2	8	14	5	3	0	0	0	0	3	805	0	0	1.42857	0	7
0	91	7	33	9	20	7	0	33	13	2	5	2	0.65	0.285714	4	2	0	8	0.833333	0.291667	16	1	13	-1	10000000000	0	17	0	2	7	12	4	3	0	0	0	0	3	811	0	0	1.25	0	4
0	94	8	34	9	20	7	0	34	14	2	5	2	0.7	0.285714	4	2	0	8	0.833333	0.291667	16	1	13	-1	10000000000	0	18	0	2	8	13	5	3	0	0	0	0	3	818	0	0	1.38462	0	6
0	93	8	33	9	20	7	0	33	13	2	5	2	0.65	0.285714	4	2	0	8	0.833333	0.291667	16	1	13	-1	10000000000	0	18	0	2	8	13	5	3	0	0	0	0	3	825	0	0	1.38462	0	6
0	89	7	32	9	19	8	0	32	13	1	5	1	0.684211	0.125	5	1.8	0	8	0.791667	0.333333	14	1	11	-1	10000000000	0	18	0	2	7	12	5	3	0	0	0	0	3	831	0	0	1.5	0	7
0	61	4	19	8	12	6	0	19	7	2	2	2	0.583333	0.333333	3	1.66667	0	8	0.5	0.25	9	1	7	-1	10000000000	0	9	0	1	4	9	3	2	0	0	0	0	2	835	0	0	1.22222	0	3
0	52	3	16	7	10	5	0	16	6	2	2	2	0.6	0.4	2	1.5	0	8	0.416667	0.208333	9	1	7	-1	10000000000	0	7	0	1	3	6	2	1	0	0	0	0	1	838	0	0	1.16667	0	2
0	47	2	14	7	10	6	0	14	4	1	1	1	0.4	0.166667	3	1.33333	0	8	0.416667	0.25	7	1	5	-1	10000000000	0	7	0	1	2	5	2	1	0	0	0	0	1	840	0	0	1.4	0	3
7.9314e+06	15	2	3	2	3	2	0	3	0	0	0	0	0	0	0	0	0	2	0.75	0.5	1	0	1	-1	10000000000	0	6	0	0	2	3	0	0	0	0	0	0	0	841	0	0	1	0	1
589259	25	4	6	2	4	2	0	6	2	0	2	0	0.5	0	0	0	0	2	1	0.5	2	0	2	-1	10000000000	0	11	0	0	4	6	0	0	0	0	0	0	0	843	0	0	1.33333	0	3
265412	20	3	4	2	3	2	0	4	1	0	1	0	0.333333	0	0	0	0	2	0.75	0.5	1	0	1	-1	10000000000	0	9	0	0	3	5	0	0	0	0	0	0	0	844	0	0	1.4	0	3
4.88837e+07	20	3	4	2	3	2	0	4	1	0	1	0	0.333333	0	0	0	0	2	0.75	0.5	1	0	1	-1	10000000000	0	9	0	0	3	5	0	0	0	0	0	0	0	845	0	0	1.4	0	3
2.2018e+07	15	2	2	2	1	2	0	2	1	0	1	0	1	0	0	0	0	2	0.25	0.5	0	0	0	0	0	0	7	0	0	2	4	0	0	0	0	0	0	0	845	0	0	1.5	0	3
2.96941e+06	35	1	11	6	9	5	0	11	2	1	1	1	0.222222	0.2	0	0	0	6	0.5625	0.3125	4	0	4	-1	10000000000	0	13	0	3	1	4	0	2	0	0	0	0	2	845	0	0	1.25	0	2
1.01237e+06	44	2	15	6	11	5	0	15	4	1	3	1	0.363636	0.2	0	0	0	6	0.6875	0.3125	6	0	6	-1	10000000000	0	17	0	3	2	6	0	3	0	0	0	0	3	845	0	0	1.33333	0	3
744062	75	5	29	10	14	8	0	29	15	2	3	2	1.07143	0.25	0	0	0	6	0.875	0.5	10	2	8	-1	10000000000	0	32	0	4	5	11	0	3	0	0	0	0	3	845	0	0	1.36364	0	5
62592	95	8	38	10	14	8	0	38	24	2	5	2	1.71429	0.25	2	2	2	6	0.875	0.5	10	2	8	-1	10000000000	0	44	0	4	8	17	0	3	0	0	0	0	3	845	0	0	1.41176	0	8
11662	91	8	36	10	14	8	0	36	22	2	5	2	1.57143	0.25	1	2	1	6	0.875	0.5	10	2	8	-1	10000000000	0	42	0	4	8	16	0	3	0	0	0	0	3	845	0	0	1.4375	0	8
67324	88	7	35	10	14	8	0	35	21	2	5	2	1.5	0.25	1	2	1	6	0.875	0.5	10	2	8	-1	10000000000	0	40	0	4	7	15	0	3	0	0	0	0	3	845	0	0	1.46667	0	8
54625	91	8	36	10	14	8	0	36	22	2	5	2	1.57143	0.25	1	2	1	6	0.875	0.5	10	2	8	-1	10000000000	0	42	0	4	8	16	0	3	0	0	0	0	3	845	0	0	1.4375	0	8
10177	87	8	34	10	14	8	0	34	20	2	5	2	1.42857	0.25	0	0	0	6	0.875	0.5	10	2	8	-1	10000000000	0	40	0	4	8	15	0	3	0	0	0	0	3	845	0	0	1.46667	0	8
58754	84	7	33	10	14	8	0	33	19	2	5	2	1.35714	0.25	0	0	0	6	0.875	0.5	10	2	8	-1	10000000000	0	38	0	4	7	14	0	3	0	0	0	0	3	845	0	0	1.5	0	8
46487	68	5	27	8	14	8	0	27	13	0	3	0	0.928571	0	0	0	0	6	0.875	0.5	10	2	8	-1	10000000000	0	28	0	2	5	10	0	3	0	0	0	0	3	845	0	0	1.4	0	5
3910	88	8	36	8	14	8	0	36	22	0	5	0	1.57143	0	2	2	2	6	0.875	0.5	10	2	8	-1	10000000000	0	40	0	2	8	16	0	3	0	0	0	0	3	845	0	0	1.4375	0	8
728	84	8	34	8	14	8	0	34	20	0	5	0	1.42857	0	1	2	1	6	0.875	0.5	10	2	8	-1	10000000000	0	38	0	2	8	15	0	3	0	0	0	0	3	845	0	0	1.46667	0	8
4206	81	7	33	8	14	8	0	33	19	0	5	0	1.35714	0	1	2	1	6	0.875	0.5	10	2	8	-1	10000000000	0	36	0	2	7	14	0	3	0	0	0	0	3	845	0	0	1.5	0	8
3412	84	8	34	8	14	8	0	34	20	0	5	0	1.42857	0	1	2	1	6	0.875	0.5	10	2	8	-1	10000000000	0	38	0	2	8	15	0	3	0	0	0	0	3	845	0	0	1.46667	0	8
635	80	8	32	8	14	8	0	32	18	0	5	0	1.28571	0	0	0	0	6	0.875	0.5	10	2	8	-1	10000000000	0	36	0	2	8	14	0	3	0	0	0	0	3	845	0	0	1.5	0	8
3670	77	7	31	8	14	8	0	31	17	0	5	0	1.21429	0	0	0	0	6	0.875	0.5	10	2	8	-1	10000000000	0	34	0	2	7	13	0	3	0	0	0	0	3	845	0	0	1.53846	0	8
178833	60	5	22	7	11	5	0	22	11	2	3	2	1	0.4	0	0	0	6	0.6875	0.3125	6	0	6	-1	10000000000	0	28	0	4	5	10	0	3	0	0	0	0	3	845	0	0	1.4	0	5
15043	80	8	31	7	11	5	0	31	20	2	5	2	1.81818	0.4	2	2	2	6	0.6875	0.3125	6	0	6	-1	10000000000	0	40	0	4	8	16	0	3	0	0	0	0	3	845	0	0	1.4375	0	8
2802	76	8	29	7	11	5	0	29	18	2	5	2	1.63636	0.4	1	2	1	6	0.6875	0.3125	6	0	6	-1	10000000000	0	38	0	4	8	15	0	3	0	0	0	0	3	845	0	0	1.46667	0	8
16181	73	7	28	7	11	5	0	28	17	2	5	2	1.54545	0.4	1	2	1	6	0.6875	0.3125	6	0	6	-1	10000000000	0	36	0	4	7	14	0	3	0	0	0	0	3	845	0	0	1.5	0	8
13128	76	8	29	7	11	5	0	29	18	2	5	2	1.63636	0.4	1	2	1	6	0.6875	0.3125	6	0	6	-1	10000000000	0	38	0	4	8	15	0	3	0	0	0	0	3	845	0	0	1.46667	0	8
2446	72	8	27	7	11	5	0	27	16	2	5	2	1.45455	0.4	0	0	0	6	0.6875	0.3125	6	0	6	-1	10000000000	0	36	0	4	8	14	0	3	0	0	0	0	3	845	0	0	1.5	0	8
14121	69	7	26	7	11	5	0	26	15	2	5	2	1.36364	0.4	0	0	0	6	0.6875	0.3125	6	0	6	-1	10000000000	0	34	0	4	7	13	0	3	0	0	0	0	3	845	0	0	1.53846	0	8
11173	53	5	20	5	11	5	0	20	9	0	3	0	0.818182	0	0	0	0	6	0.6875	0.3125	6	0	6	-1	10000000000	0	24	0	2	5	9	0	3	0	0	0	0	3	845	0	0	1.44444	0	5
939	73	8	29	5	11	5	0	29	18	0	5	0	1.63636	0	2	2	2	6	0.6875	0.3125	6	0	6	-1	10000000000	0	36	0	2	8	15	0	3	0	0	0	0	3	845	0	0	1.46667	0	8
175	69	8	27	5	11	5	0	27	16	0	5	0	1.45455	0	1	2	1	6	0.6875	0.3125	6	0	6	-1	10000000000	0	34	0	2	8	14	0	3	0	0	0	0	3	845	0	0	1.5	0	8
1010	66	7	26	5	11	5	0	26	15	0	5	0	1.36364	0	1	2	1	6	0.6875	0.3125	6	0	6	-1	10000000000	0	32	0	2	7	13	0	3	0	0	0	0	3	845	0	0	1.53846	0	8
820	69	8	27	5	11	5	0	27	16	0	5	0	1.45455	0	1	2	1	6	0.6875	0.3125	6	0	6	-1	10000000000	0	34	0	2	8	14	0	3	0	0	0	0	3	845	0	0	1.5	0	8
152	65	8	25	5	11	5	0	25	14	0	5	0	1.27273	0	0	0	0	6	0.6875	0.3125	6	0	6	-1	10000000000	0	32	0	2	8	13	0	3	0	0	0	0	3	845	0	0	1.53846	0	8
882	62	7	24	5	11	5	0	24	13	0	5	0	1.18182	0	0	0	0	6	0.6875	0.3125	6	0	6	-1	10000000000	0	30	0	2	7	12	0	3	0	0	0	0	3	845	0	0	1.58333	0	8
1	32	2	5	7	2	6	1	4	3	1	1	1	1.5	0.166667	0	0	0	10	0.0425532	0.12766	2	2	0	-1	10000000000	0	8	0	1	2	5	0	1	0	0	0	0	1	846	0	0	1	0	1
0	103	6	33	17	19	15	8	25	14	2	4	2	0.736842	0.133333	1	2	0	10	0.404255	0.319149	14	5	9	-1	10000000000	0	32	0	6	6	15	0	3	0	0	0	0	3	848	0	0	1.4	0	7
0	104	6	33	17	19	15	8	25	14	2	4	2	0.736842	0.133333	1	2	0	10	0.404255	0.319149	14	5	9	-1	10000000000	0	33	0	7	6	15	0	3	0	0	0	0	3	850	0	0	1.4	0	7
0	76	5	22	13	15	12	4	18	7	1	2	1	0.466667	0.0833333	1	2	0	10	0.319149	0.255319	8	2	6	-1	10000000000	0	22	0	5	5	12	0	3	0	0	0	0	3	852	0	0	1.41667	0	6
0	54	4	12	12	9	11	4	8	3	1	2	1	0.333333	0.0909091	0	0	0	10	0.191489	0.234043	3	2	1	-1	10000000000	0	14	0	3	4	10	0	3	0	0	0	0	3	853	0	0	1.4	0	5
0	59	6	13	13	10	11	7	6	3	2	1	1	0.3	0.181818	0	0	0	10	0.212766	0.234043	1	1	0	-1	10000000000	0	20	0	4	6	12	0	3	0	0	0	0	3	856	0	0	1.33333	0	5
0	68	7	16	16	12	13	8	8	4	3	2	2	0.333333	0.230769	0	0	0	10	0.255319	0.276596	1	1	0	-1	10000000000	0	22	0	4	7	14	0	3	0	0	0	0	3	860	0	0	1.42857	0	7
0	75	7	21	15	15	13	9	12	6	2	3	1	0.4	0.153846	1	2	1	10	0.319149	0.276596	3	1	2	-1	10000000000	0	24	0	4	7	14	0	3	0	0	0	0	3	864	0	0	1.42857	0	7
0	64	6	14	16	11	13	7	7	3	3	2	2	0.272727	0.230769	0	0	0	10	0.234043	0.276596	1	1	0	-1	10000000000	0	19	0	4	6	13	0	3	0	0	0	0	3	867	0	0	1.46154	0	7
0	71	6	19	15	14	13	8	11	5	2	3	1	0.357143	0.153846	1	2	1	10	0.297872	0.276596	3	1	2	-1	10000000000	0	21	0	4	6	13	0	3	0	0	0	0	3	870	0	0	1.46154	0	7
0	57	6	13	12	10	11	7	6	3	1	1	1	0.3	0.0909091	0	0	0	10	0.212766	0.234043	1	1	0	-1	10000000000	0	20	0	4	6	11	0	3	0	0	0	0	3	873	0	0	1.36364	0	5
0	66	7	16	15	12	13	8	8	4	2	2	2	0.333333	0.153846	0	0	0	10	0.255319	0.276596	1	1	0	-1	10000000000	0	22	0	4	7	13	0	3	0	0	0	0	3	877	0	0	1.46154	0	7
0	73	7	21	14	15	13	9	12	6	1	3	1	0.4	0.0769231	1	2	1	10	0.319149	0.276596	3	1	2	-1	10000000000	0	24	0	4	7	13	0	3	0	0	0	0	3	881	0	0	1.46154	0	7
0	62	6	14	15	11	13	7	7	3	2	2	2	0.272727	0.153846	0	0	0	10	0.234043	0.276596	1	1	0	-1	10000000000	0	19	0	4	6	12	0	3	0	0	0	0	3	884	0	0	1.5	0	7
0	69	6	19	14	14	13	8	11	5	1	3	1	0.357143	0.0769231	1	2	1	10	0.297872	0.276596	3	1	2	-1	10000000000	0	21	0	4	6	12	0	3	0	0	0	0	3	887	0	0	1.5	0	7
958	91	6	30	13	17	11	2	28	13	2	4	2	0.764706	0.181818	0	0	0	10	0.361702	0.234043	14	3	11	-1	10000000000	0	30	0	4	6	12	0	1	0	0	0	0	1	889	0	0	1.41667	0	6
110527	92	6	30	13	17	11	2	28	13	2	4	2	0.764706	0.181818	0	0	0	10	0.361702	0.234043	14	3	11	-1	10000000000	0	31	0	5	6	12	0	1	0	0	0	0	1	891	0	0	1.41667	0	6
0	99	8	33	13	18	11	2	31	15	2	4	2	0.833333	0.181818	0	0	0	10	0.382979	0.234043	15	3	12	-1	10000000000	0	34	0	4	8	14	0	1	0	0	0	0	1	894	0	0	1.42857	0	7
3	100	8	33	13	18	11	2	31	15	2	4	2	0.833333	0.181818	0	0	0	10	0.382979	0.234043	15	3	12	-1	10000000000	0	35	0	5	8	14	0	1	0	0	0	0	1	897	0	0	1.42857	0	7
3	72	7	22	9	14	8	2	20	8	1	3	1	0.571429	0.125	0	0	0	10	0.297872	0.170213	9	0	9	-1	10000000000	0	24	0	3	7	11	0	1	0	0	0	0	1	900	0	0	1.36364	0	5
1	67	6	20	9	13	8	2	18	7	1	3	1	0.538462	0.125	0	0	0	10	0.276596	0.170213	8	0	8	-1	10000000000	0	22	0	3	6	10	0	1	0	0	0	0	1	902	0	0	1.4	0	5
8	94	7	31	13	17	11	2	29	14	2	4	2	0.823529	0.181818	0	0	0	10	0.361702	0.234043	14	3	11	-1	10000000000	0	32	0	4	7	13	0	1	0	0	0	0	1	904	0	0	1.46154	0	7
955	95	7	31	13	17	11	2	29	14	2	4	2	0.823529	0.181818	0	0	0	10	0.361702	0.234043	14	3	11	-1	10000000000	0	33	0	5	7	13	0	1	0	0	0	0	1	906	0	0	1.46154	0	7
1140	67	6	20	9	13	8	2	18	7	1	3	1	0.538462	0.125	0	0	0	10	0.276596	0.170213	8	0	8	-1	10000000000	0	22	0	3	6	10	0	1	0	0	0	0	1	908	0	0	1.4	0	5
348	62	5	18	9	12	8	2	16	6	1	3	1	0.5	0.125	0	0	0	10	0.255319	0.170213	7	0	7	-1	10000000000	0	20	0	3	5	9	0	1	0	0	0	0	1	909	0	0	1.44444	0	5
1	104	7	35	15	19	13	9	26	16	2	5	2	0.842105	0.153846	1	2	0	10	0.404255	0.276596	14	5	9	-1	10000000000	0	33	0	3	7	17	0	3	0	0	0	0	3	911	0	0	1.41176	0	8
224	105	7	35	15	19	13	9	26	16	2	5	2	0.842105	0.153846	1	2	0	10	0.404255	0.276596	14	5	9	-1	10000000000	0	34	0	4	7	17	0	3	0	0	0	0	3	913	0	0	1.41176	0	8
2025	77	6	24	11	16	10	5	19	8	1	3	1	0.5	0.1	1	2	0	10	0.340426	0.212766	8	2	6	-1	10000000000	0	23	0	2	6	14	0	3	0	0	0	0	3	915	0	0	1.42857	0	7
66	55	5	14	10	10	9	5	9	4	1	3	1	0.4	0.111111	0	0	0	10	0.212766	0.191489	3	2	1	-1	10000000000	0	15	0	0	5	12	0	3	0	0	0	0	3	916	0	0	1.41667	0	6
0	60	7	15	11	10	10	8	7	5	1	3	1	0.5	0.1	0	0	0	10	0.212766	0.212766	1	1	0	-1	10000000000	0	21	0	1	7	14	0	3	0	0	0	0	3	919	0	0	1.35714	0	6
0	69	8	18	14	12	13	9	9	6	1	3	1	0.5	0.0769231	0	0	0	10	0.255319	0.276596	1	1	0	-1	10000000000	0	23	0	1	8	16	0	3	0	0	0	0	3	923	0	0	1.4375	0	8
0	76	8	23	13	15	12	10	13	8	1	4	1	0.533333	0.0833333	1	2	1	10	0.319149	0.255319	3	1	2	-1	10000000000	0	25	0	1	8	16	0	3	0	0	0	0	3	927	0	0	1.4375	0	8
0	65	7	16	14	11	13	8	8	5	1	3	1	0.454545	0.0769231	0	0	0	10	0.234043	0.276596	1	1	0	-1	10000000000	0	20	0	1	7	15	0	3	0	0	0	0	3	930	0	0	1.46667	0	8
0	72	7	21	13	14	12	9	12	7	1	4	1	0.5	0.0833333	1	2	1	10	0.297872	0.255319	3	1	2	-1	10000000000	0	22	0	1	7	15	0	3	0	0	0	0	3	933	0	0	1.46667	0	8
4	58	7	15	10	10	10	8	7	5	0	3	0	0.5	0	0	0	0	10	0.212766	0.212766	1	1	0	-1	10000000000	0	21	0	1	7	13	0	3	0	0	0	0	3	936	0	0	1.38462	0	6
0	67	8	18	13	12	13	9	9	6	0	3	0	0.5	0	0	0	0	10	0.255319	0.276596	1	1	0	-1	10000000000	0	23	0	1	8	15	0	3	0	0	0	0	3	940	0	0	1.46667	0	8
0	74	8	23	12	15	12	10	13	8	0	4	0	0.533333	0	1	2	1	10	0.319149	0.255319	3	1	2	-1	10000000000	0	25	0	1	8	15	0	3	0	0	0	0	3	944	0	0	1.46667	0	8
0	63	7	16	13	11	13	8	8	5	0	3	0	0.454545	0	0	0	0	10	0.234043	0.276596	1	1	0	-1	10000000000	0	20	0	1	7	14	0	3	0	0	0	0	3	947	0	0	1.5	0	8
3	70	7	21	12	14	12	9	12	7	0	4	0	0.5	0	1	2	1	10	0.297872	0.255319	3	1	2	-1	10000000000	0	22	0	1	7	14	0	3	0	0	0	0	3	950	0	0	1.5	0	8
19	87	5	28	13	16	11	1	27	12	2	4	2	0.75	0.181818	0	0	0	10	0.340426	0.234043	14	3	11	-1	10000000000	0	27	0	4	5	11	0	1	0	0	0	0	1	952	0	0	1.45455	0	6
2255	88	5	28	13	16	11	1	27	12	2	4	2	0.75	0.181818	0	0	0	10	0.340426	0.234043	14	3	11	-1	10000000000	0	28	0	5	5	11	0	1	0	0	0	0	1	954	0	0	1.45455	0	6
0	95	7	31	13	17	11	1	30	14	2	4	2	0.823529	0.181818	0	0	0	10	0.361702	0.234043	15	3	12	-1	10000000000	0	31	0	4	7	13	0	1	0	0	0	0	1	957	0	0	1.46154	0	7
0	96	7	31	13	17	11	1	30	14	2	4	2	0.823529	0.181818	0	0	0	10	0.361702	0.234043	15	3	12	-1	10000000000	0	32	0	5	7	13	0	1	0	0	0	0	1	960	0	0	1.46154	0	7
0	68	6	20	9	13	8	1	19	7	1	3	1	0.538462	0.125	0	0	0	10	0.276596	0.170213	9	0	9	-1	10000000000	0	21	0	3	6	10	0	1	0	0	0	0	1	963	0	0	1.4	0	5
0	63	5	18	9	12	8	1	17	6	1	3	1	0.5	0.125	0	0	0	10	0.255319	0.170213	8	0	8	-1	10000000000	0	19	0	3	5	9	0	1	0	0	0	0	1	965	0	0	1.44444	0	5
0	90	6	29	13	16	11	1	28	13	2	4	2	0.8125	0.181818	0	0	0	10	0.340426	0.234043	14	3	11	-1	10000000000	0	29	0	4	6	12	0	1	0	0	0	0	1	967	0	0	1.5	0	7
19	91	6	29	13	16	11	1	28	13	2	4	2	0.8125	0.181818	0	0	0	10	0.340426	0.234043	14	3	11	-1	10000000000	0	30	0	5	6	12	0	1	0	0	0	0	1	969	0	0	1.5	0	7
23	63	5	18	9	12	8	1	17	6	1	3	1	0.5	0.125	0	0	0	10	0.255319	0.170213	8	0	8	-1	10000000000	0	19	0	3	5	9	0	1	0	0	0	0	1	971	0	0	1.44444	0	5
7	58	4	16	9	11	8	1	15	5	1	3	1	0.454545	0.125	0	0	0	10	0.234043	0.170213	7	0	7	-1	10000000000	0	17	0	3	4	8	0	1	0	0	0	0	1	972	0	0	1.5	0	5
0	100	6	33	15	19	13	8	25	14	2	4	2	0.736842	0.153846	1	2	0	10	0.404255	0.276596	14	5	9	-1	10000000000	0	30	0	3	6	16	0	3	0	0	0	0	3	974	0	0	1.4375	0	8
4	101	6	33	15	19	13	8	25	14	2	4	2	0.736842	0.153846	1	2	0	10	0.404255	0.276596	14	5	9	-1	10000000000	0	31	0	4	6	16	0	3	0	0	0	0	3	976	0	0	1.4375	0	8
41	73	5	22	11	15	10	4	18	7	1	2	1	0.466667	0.1	1	2	0	10	0.319149	0.212766	8	2	6	-1	10000000000	0	20	0	2	5	13	0	3	0	0	0	0	3	978	0	0	1.46154	0	7
1	51	4	12	10	9	9	4	8	3	1	2	1	0.333333	0.111111	0	0	0	10	0.191489	0.191489	3	2	1	-1	10000000000	0	12	0	0	4	11	0	3	0	0	0	0	3	979	0	0	1.45455	0	6
0	56	6	13	11	10	10	7	6	3	1	1	1	0.3	0.1	0	0	0	10	0.212766	0.212766	1	1	0	-1	10000000000	0	18	0	1	6	13	0	3	0	0	0	0	3	982	0	0	1.38462	0	6
0	65	7	16	14	12	13	8	8	4	1	2	1	0.333333	0.0769231	0	0	0	10	0.255319	0.276596	1	1	0	-1	10000000000	0	20	0	1	7	15	0	3	0	0	0	0	3	986	0	0	1.46667	0	8
0	72	7	21	13	15	12	9	12	6	1	3	1	0.4	0.0833333	1	2	1	10	0.319149	0.255319	3	1	2	-1	10000000000	0	22	0	1	7	15	0	3	0	0	0	0	3	990	0	0	1.46667	0	8
0	61	6	14	14	11	13	7	7	3	1	2	1	0.272727	0.0769231	0	0	0	10	0.234043	0.276596	1	1	0	-1	10000000000	0	17	0	1	6	14	0	3	0	0	0	0	3	993	0	0	1.5	0	8
0	68	6	19	13	14	12	8	11	5	1	3	1	0.357143	0.0833333	1	2	1	10	0.297872	0.255319	3	1	2	-1	10000000000	0	19	0	1	6	14	0	3	0	0	0	0	3	996	0	0	1.5	0	8
0	54	6	13	10	10	10	7	6	3	0	1	0	0.3	0	0	0	0	10	0.212766	0.212766	1	1	0	-1	10000000000	0	18	0	1	6	12	0	3	0	0	0	0	3	999	0	0	1.41667	0	6
0	63	7	16	13	12	13	8	8	4	0	2	0	0.333333	0	0	0	0	10	0.255319	0.276596	1	1	0	-1	10000000000	0	20	0	1	7	14	0	3	0	0	0	0	3	1003	0	0	1.5	0	8
0	70	7	21	12	15	12	9	12	6	0	3	0	0.4	0	1	2	1	10	0.319149	0.255319	3	1	2	-1	10000000000	0	22	0	1	7	14	0	3	0	0	0	0	3	1007	0	0	1.5	0	8
0	59	6	14	13	11	13	7	7	3	0	2	0	0.272727	0	0	0	0	10	0.234043	0.276596	1	1	0	-1	10000000000	0	17	0	1	6	13	0	3	0	0	0	0	3	1010	0	0	1.53846	0	8
0	66	6	19	12	14	12	8	11	5	0	3	0	0.357143	0	1	2	1	10	0.297872	0.255319	3	1	2	-1	10000000000	0	19	0	1	6	13	0	3	0	0	0	0	3	1013	0	0	1.53846	0	8
1933	54	4	19	10	11	8	0	19	8	2	3	2	0.727273	0.25	0	0	0	6	0.297297	0.216216	6	0	6	-1	10000000000	0	10	0	0	4	9	0	1	0	0	0	0	1	1015	0	0	1.33333	0	4
23029	44	4	14	7	9	6	0	14	5	1	2	1	0.555556	0.166667	0	0	0	6	0.243243	0.162162	5	0	5	-1	10000000000	0	9	0	0	4	8	0	1	0	0	0	0	1	1017	0	0	1.375	0	4
112	64	5	22	10	13	8	0	22	9	2	3	2	0.692308	0.25	0	0	0	6	0.351351	0.216216	8	0	8	-1	10000000000	0	13	0	2	5	11	1	1	0	0	0	0	1	1020	0	0	1.36364	0	5
26951	53	5	17	7	11	6	0	17	6	1	2	1	0.545455	0.166667	0	0	0	6	0.297297	0.162162	7	0	7	-1	10000000000	0	11	0	1	5	10	1	1	0	0	0	0	1	1023	0	0	1.4	0	5
0	44	4	13	7	8	6	0	13	5	1	2	1	0.625	0.166667	0	0	0	6	0.216216	0.162162	6	0	6	-1	10000000000	0	7	0	0	4	8	1	1	0	0	0	0	1	1026	0	0	1.375	0	4
1697	64	5	22	10	13	8	0	22	9	2	3	2	0.692308	0.25	0	0	0	6	0.351351	0.216216	8	0	8	-1	10000000000	0	13	0	2	5	11	1	1	0	0	0	0	1	1029	0	0	1.36364	0	5
35872	53	5	17	7	11	6	0	17	6	1	2	1	0.545455	0.166667	0	0	0	6	0.297297	0.162162	7	0	7	-1	10000000000	0	11	0	1	5	10	1	1	0	0	0	0	1	1032	0	0	1.4	0	5
242	44	4	13	7	8	6	0	13	5	1	2	1	0.625	0.166667	0	0	0	6	0.216216	0.162162	6	0	6	-1	10000000000	0	7	0	0	4	8	1	1	0	0	0	0	1	1035	0	0	1.375	0	4
1038	54	4	19	10	11	8	0	19	8	2	3	2	0.727273	0.25	0	0	0	6	0.297297	0.216216	6	0	6	-1	10000000000	0	10	0	0	4	9	0	1	0	0	0	0	1	1037	0	0	1.33333	0	4
25673	44	4	14	7	9	6	0	14	5	1	2	1	0.555556	0.166667	0	0	0	6	0.243243	0.162162	5	0	5	-1	10000000000	0	9	0	0	4	8	0	1	0	0	0	0	1	1039	0	0	1.375	0	4
2092	22	1	5	7	4	7	0	5	1	0	1	0	0.25	0	0	0	0	6	0.108108	0.189189	0	0	0	0	0	0	1	0	0	1	3	0	1	0	0	0	0	1	1040	0	0	1	0	1
0	159	10	57	24	32	22	0	57	25	2	9	2	0.78125	0.0909091	3	7	0	22	0.727273	0.5	15	5	10	-1	10000000000	0	38	0	4	12	18	2	1	0	0	0	0	1	1048	0	0	1.44444	0	9
0	166	10	60	25	34	23	0	60	26	2	9	2	0.764706	0.0869565	4	5.5	0	22	0.772727	0.522727	15	5	10	-1	10000000000	0	41	0	5	12	19	2	1	0	0	0	0	1	1056	0	0	1.42105	0	9
0	159	10	57	24	32	22	0	57	25	2	9	2	0.78125	0.0909091	3	7	0	22	0.727273	0.5	15	5	10	-1	10000000000	0	38	0	4	12	18	2	1	0	0	0	0	1	1064	0	0	1.44444	0	9
0	166	10	60	25	34	23	0	60	26	2	9	2	0.764706	0.0869565	4	5.5	0	22	0.772727	0.522727	15	5	10	-1	10000000000	0	41	0	5	12	19	2	1	0	0	0	0	1	1072	0	0	1.42105	0	9
0	158	10	57	24	32	22	0	57	25	2	9	2	0.78125	0.0909091	3	7	0	22	0.727273	0.5	15	5	10	-1	10000000000	0	37	0	3	12	18	2	1	0	0	0	0	1	1080	0	0	1.44444	0	9
0	165	10	60	25	34	23	0	60	26	2	9	2	0.764706	0.0869565	4	5.5	0	22	0.772727	0.522727	15	5	10	-1	10000000000	0	40	0	4	12	19	2	1	0	0	0	0	1	1088	0	0	1.42105	0	9
0	158	10	57	24	32	22	0	57	25	2	9	2	0.78125	0.0909091	3	7	0	22	0.727273	0.5	15	5	10	-1	10000000000	0	37	0	3	12	18	2	1	0	0	0	0	1	1096	0	0	1.44444	0	9
0	165	10	60	25	34	23	0	60	26	2	9	2	0.764706	0.0869565	4	5.5	0	22	0.772727	0.522727	15	5	10	-1	10000000000	0	40	0	4	12	19	2	1	0	0	0	0	1	1104	0	0	1.42105	0	9
0	159	10	57	24	32	22	0	57	25	2	9	2	0.78125	0.0909091	3	7	0	22	0.727273	0.5	15	5	10	-1	10000000000	0	38	0	4	12	18	2	1	0	0	0	0	1	1112	0	0	1.44444	0	9
0	166	10	60	25	34	23	0	60	26	2	9	2	0.764706	0.0869565	4	5.5	0	22	0.772727	0.522727	15	5	10	-1	10000000000	0	41	0	5	12	19	2	1	0	0	0	0	1	1120	0	0	1.42105	0	9
0	159	10	57	24	32	22	0	57	25	2	9	2	0.78125	0.0909091	3	7	0	22	0.727273	0.5	15	5	10	-1	10000000000	0	38	0	4	12	18	2	1	0	0	0	0	1	1128	0	0	1.44444	0	9
0	166	10	60	25	34	23	0	60	26	2	9	2	0.764706	0.0869565	4	5.5	0	22	0.772727	0.522727	15	5	10	-1	10000000000	0	41	0	5	12	19	2	1	0	0	0	0	1	1136	0	0	1.42105	0	9
0	158	10	57	24	32	22	0	57	25	2	9	2	0.78125	0.0909091	3	7	0	22	0.727273	0.5	15	5	10	-1	10000000000	0	37	0	3	12	18	2	1	0	0	0	0	1	1144	0	0	1.44444	0	9
0	165	10	60	25	34	23	0	60	26	2	9	2	0.764706	0.0869565	4	5.5	0	22	0.772727	0.522727	15	5	10	-1	10000000000	0	40	0	4	12	19	2	1	0	0	0	0	1	1152	0	0	1.42105	0	9
0	158	10	57	24	32	22	0	57	25	2	9	2	0.78125	0.0909091	3	7	0	22	0.727273	0.5	15	5	10	-1	10000000000	0	37	0	3	12	18	2	1	0	0	0	0	1	1160	0	0	1.44444	0	9
0	165	10	60	25	34	23	0	60	26	2	9	2	0.764706	0.0869565	4	5.5	0	22	0.772727	0.522727	15	5	10	-1	10000000000	0	40	0	4	12	19	2	1	0	0	0	0	1	1168	0	0	1.42105	0	9
0	152	10	54	21	31	21	0	54	23	0	9	0	0.741935	0	3	7	0	22	0.704545	0.477273	15	5	10	-1	10000000000	0	38	0	4	12	17	2	1	0	0	0	0	1	1176	0	0	1.47059	0	9
0	159	10	57	22	33	22	0	57	24	0	9	0	0.727273	0	4	5.5	0	22	0.75	0.5	15	5	10	-1	10000000000	0	41	0	5	12	18	2	1	0	0	0	0	1	1184	0	0	1.44444	0	9
0	152	10	54	21	31	21	0	54	23	0	9	0	0.741935	0	3	7	0	22	0.704545	0.477273	15	5	10	-1	10000000000	0	38	0	4	12	17	2	1	0	0	0	0	1	1192	0	0	1.47059	0	9
0	159	10	57	22	33	22	0	57	24	0	9	0	0.727273	0	4	5.5	0	22	0.75	0.5	15	5	10	-1	10000000000	0	41	0	5	12	18	2	1	0	0	0	0	1	1200	0	0	1.44444	0	9
0	151	10	54	21	31	21	0	54	23	0	9	0	0.741935	0	3	7	0	22	0.704545	0.477273	15	5	10	-1	10000000000	0	37	0	3	12	17	2	1	0	0	0	0	1	1208	0	0	1.47059	0	9
0	158	10	57	22	33	22	0	57	24	0	9	0	0.727273	0	4	5.5	0	22	0.75	0.5	15	5	10	-1	10000000000	0	40	0	4	12	18	2	1	0	0	0	0	1	1216	0	0	1.44444	0	9
0	151	10	54	21	31	21	0	54	23	0	9	0	0.741935	0	3	7	0	22	0.704545	0.477273	15	5	10	-1	10000000000	0	37	0	3	12	17	2	1	0	0	0	0	1	1224	0	0	1.47059	0	9
0	158	10	57	22	33	22	0	57	24	0	9	0	0.727273	0	4	5.5	0	22	0.75	0.5	15	5	10	-1	10000000000	0	40	0	4	12	18	2	1	0	0	0	0	1	1232	0	0	1.44444	0	9
0	152	10	54	21	31	21	0	54	23	0	9	0	0.741935	0	3	7	0	22	0.704545	0.477273	15	5	10	-1	10000000000	0	38	0	4	12	17	2	1	0	0	0	0	1	1240	0	0	1.47059	0	9
0	159	10	57	22	33	22	0	57	24	0	9	0	0.727273	0	4	5.5	0	22	0.75	0.5	15	5	10	-1	10000000000	0	41	0	5	12	18	2	1	0	0	0	0	1	1248	0	0	1.44444	0	9
0	152	10	54	21	31	21	0	54	23	0	9	0	0.741935	0	3	7	0	22	0.704545	0.477273	15	5	10	-1	10000000000	0	38	0	4	12	17	2	1	0	0	0	0	1	1256	0	0	1.47059	0	9
0	159	10	57	22	33	22	0	57	24	0	9	0	0.727273	0	4	5.5	0	22	0.75	0.5	15	5	10	-1	10000000000	0	41	0	5	12	18	2	1	0	0	0	0	1	1264	0	0	1.44444	0	9
0	151	10	54	21	31	21	0	54	23	0	9	0	0.741935	0	3	7	0	22	0.704545	0.477273	15	5	10	-1	10000000000	0	37	0	3	12	17	2	1	0	0	0	0	1	1272	0	0	1.47059	0	9
0	158	10	57	22	33	22	0	57	24	0	9	0	0.727273	0	4	5.5	0	22	0.75	0.5	15	5	10	-1	10000000000	0	40	0	4	12	18	2	1	0	0	0	0	1	1280	0	0	1.44444	0	9
0	151	10	54	21	31	21	0	54	23	0	9	0	0.741935	0	3	7	0	22	0.704545	0.477273	15	5	10	-1	10000000000	0	37	0	3	12	17	2	1	0	0	0	0	1	1288	0	0	1.47059	0	9
0	158	10	57	22	33	22	0	57	24	0	9	0	0.727273	0	4	5.5	0	22	0.75	0.5	15	5	10	-1	10000000000	0	40	0	4	12	18	2	1	0	0	0	0	1	1296	0	0	1.44444	0	9
0	105	6	32	16	22	16	0	32	10	0	4	0	0.454545	0	3	4	0	22	0.5	0.363636	10	4	6	-1	10000000000	0	17	0	2	7	13	2	1	0	0	0	0	1	1301	0	0	1.38462	0	6
0	100	6	29	16	21	16	0	29	8	0	2	0	0.380952	0	2	4.5	0	22	0.477273	0.363636	10	4	6	-1	10000000000	0	17	0	2	7	12	2	1	0	0	0	0	1	1306	0	0	1.41667	0	6
0	105	6	32	16	22	16	0	32	10	0	4	0	0.454545	0	3	4	0	22	0.5	0.363636	10	4	6	-1	10000000000	0	17	0	2	7	13	2	1	0	0	0	0	1	1311	0	0	1.38462	0	6
0	100	6	29	16	21	16	0	29	8	0	2	0	0.380952	0	2	4.5	0	22	0.477273	0.363636	10	4	6	-1	10000000000	0	17	0	2	7	12	2	1	0	0	0	0	1	1316	0	0	1.41667	0	6
0	159	10	57	24	32	22	0	57	25	2	9	2	0.78125	0.0909091	3	7	0	22	0.727273	0.5	15	5	10	-1	10000000000	0	38	0	4	12	18	2	1	0	0	0	0	1	1324	0	0	1.44444	0	9
0	166	10	60	25	34	23	0	60	26	2	9	2	0.764706	0.0869565	4	5.5	0	22	0.772727	0.522727	15	5	10	-1	10000000000	0	41	0	5	12	19	2	1	0	0	0	0	1	1332	0	0	1.42105	0	9
0	159	10	57	24	32	22	0	57	25	2	9	2	0.78125	0.0909091	3	7	0	22	0.727273	0.5	15	5	10	-1	10000000000	0	38	0	4	12	18	2	1	0	0	0	0	1	1340	0	0	1.44444	0	9
0	166	10	60	25	34	23	0	60	26	2	9	2	0.764706	0.0869565	4	5.5	0	22	0.772727	0.522727	15	5	10	-1	10000000000	0	41	0	5	12	19	2	1	0	0	0	0	1	1348	0	0	1.42105	0	9
0	158	10	57	24	32	22	0	57	25	2	9	2	0.78125	0.0909091	3	7	0	22	0.727273	0.5	15	5	10	-1	10000000000	0	37	0	3	12	18	2	1	0	0	0	0	1	1356	0	0	1.44444	0	9
0	165	10	60	25	34	23	0	60	26	2	9	2	0.764706	0.0869565	4	5.5	0	22	0.772727	0.522727	15	5	10	-1	10000000000	0	40	0	4	12	19	2	1	0	0	0	0	1	1364	0	0	1.42105	0	9
0	158	10	57	24	32	22	0	57	25	2	9	2	0.78125	0.0909091	3	7	0	22	0.727273	0.5	15	5	10	-1	10000000000	0	37	0	3	12	18	2	1	0	0	0	0	1	1372	0	0	1.44444	0	9
0	165	10	60	25	34	23	0	60	26	2	9	2	0.764706	0.0869565	4	5.5	0	22	0.772727	0.522727	15	5	10	-1	10000000000	0	40	0	4	12	19	2	1	0	0	0	0	1	1380	0	0	1.42105	0	9
0	159	10	57	24	32	22	0	57	25	2	9	2	0.78125	0.0909091	3	7	0	22	0.727273	0.5	15	5	10	-1	10000000000	0	38	0	4	12	18	2	1	0	0	0	0	1	1388	0	0	1.44444	0	9
0	166	10	60	25	34	23	0	60	26	2	9	2	0.764706	0.0869565	4	5.5	0	22	0.772727	0.522727	15	5	10	-1	10000000000	0	41	0	5	12	19	2	1	0	0	0	0	1	1396	0	0	1.42105	0	9
0	159	10	57	24	32	22	0	57	25	2	9	2	0.78125	0.0909091	3	7	0	22	0.727273	0.5	15	5	10	-1	10000000000	0	38	0	4	12	18	2	1	0	0	0	0	1	1404	0	0	1.44444	0	9
0	166	10	60	25	34	23	0	60	26	2	9	2	0.764706	0.0869565	4	5.5	0	22	0.772727	0.522727	15	5	10	-1	10000000000	0	41	0	5	12	19	2	1	0	0	0	0	1	1412	0	0	1.42105	0	9
0	158	10	57	24	32	22	0	57	25	2	9	2	0.78125	0.0909091	3	7	0	22	0.727273	0.5	15	5	10	-1	10000000000	0	37	0	3	12	18	2	1	0	0	0	0	1	1420	0	0	1.44444	0	9
0	165	10	60	25	34	23	0	60	26	2	9	2	0.764706	0.0869565	4	5.5	0	22	0.772727	0.522727	15	5	10	-1	10000000000	0	40	0	4	12	19	2	1	0	0	0	0	1	1428	0	0	1.42105	0	9
0	158	10	57	24	32	22	0	57	25	2	9	2	0.78125	0.0909091	3	7	0	22	0.727273	0.5	15	5	10	-1	10000000000	0	37	0	3	12	18	2	1	0	0	0	0	1	1436	0	0	1.44444	0	9
0	165	10	60	25	34	23	0	60	26	2	9	2	0.764706	0.0869565	4	5.5	0	22	0.772727	0.522727	15	5	10	-1	10000000000	0	40	0	4	12	19	2	1	0	0	0	0	1	1444	0	0	1.42105	0	9
0	152	10	54	21	31	21	0	54	23	0	9	0	0.741935	0	3	7	0	22	0.704545	0.477273	15	5	10	-1	10000000000	0	38	0	4	12	17	2	1	0	0	0	0	1	1452	0	0	1.47059	0	9
0	159	10	57	22	33	22	0	57	24	0	9	0	0.727273	0	4	5.5	0	22	0.75	0.5	15	5	10	-1	10000000000	0	41	0	5	12	18	2	1	0	0	0	0	1	1460	0	0	1.44444	0	9
0	152	10	54	21	31	21	0	54	23	0	9	0	0.741935	0	3	7	0	22	0.704545	0.477273	15	5	10	-1	10000000000	0	38	0	4	12	17	2	1	0	0	0	0	1	1468	0	0	1.47059	0	9
0	159	10	57	22	33	22	0	57	24	0	9	0	0.727273	0	4	5.5	0	22	0.75	0.5	15	5	10	-1	10000000000	0	41	0	5	12	18	2	1	0	0	0	0	1	1476	0	0	1.44444	0	9
1	151	10	54	21	31	21	0	54	23	0	9	0	0.741935	0	3	7	0	22	0.704545	0.477273	15	5	10	-1	10000000000	0	37	0	3	12	17	2	1	0	0	0	0	1	1484	0	0	1.47059	0	9
0	75	2	25	17	10	15	0	25	15	2	4	2	1.5	0.133333	0	0	0	5	0.27027	0.405405	17	12	5	-1	10000000000	0	5	0	1	2	6	0	1	0	0	0	0	1	1597	0	0	1.16667	0	2
0	71	2	24	16	10	14	0	24	14	2	4	2	1.4	0.142857	0	0	0	5	0.27027	0.378378	16	11	5	-1	10000000000	0	5	0	1	2	5	0	1	0	0	0	0	1	1599	0	0	1.2	0	2
0	131	2	48	32	11	27	0	48	37	5	5	3	3.36364	0.185185	0	0	0	5	0.297297	0.72973	33	27	6	-1	10000000000	0	4	0	1	2	6	0	2	0	0	0	0	2	1601	0	0	1.16667	0	2
0	89	2	31	21	11	16	0	31	20	5	4	4	1.81818	0.3125	0	0	0	5	0.297297	0.432432	20	14	6	-1	10000000000	0	4	0	1	2	5	0	2	0	0	0	0	2	1603	0	0	1.2	0	2
0	23	1	2	4	2	3	0	2	0	1	0	1	0	0.333333	1	2	0	10	0.0145985	0.0218978	2	0	0	201	201	0	2	0	0	1	3	1	0	0	0	0	0	0	1604	0	0	2.66667	0	6
0	30	2	3	4	3	3	0	3	0	1	0	1	0	0.333333	3	3	0	10	0.0218978	0.0218978	4	0	0	201	201	0	4	0	0	2	4	1	0	0	0	0	0	0	1606	0	0	2.25	0	6
0	180	9	66	20	26	19	0	66	40	1	4	1	1.53846	0.0526316	8	2.75	0	10	0.189781	0.138686	43	16	20	201	201	0	40	0	7	9	14	4	1	0	0	0	0	1	1612	0	0	1.64286	0	10
0	184	10	68	20	26	19	0	68	42	1	4	1	1.61538	0.0526316	8	2.75	0	10	0.189781	0.138686	43	16	20	201	201	0	43	0	7	10	15	4	1	0	0	0	0	1	1618	0	0	1.6	0	10
0	410	11	171	53	55	48	0	171	116	5	7	3	2.10909	0.104167	8	2.75	0	10	0.40146	0.350365	116	55	48	201	201	0	82	0	16	11	17	4	1	0	0	0	0	1	1624	0	0	1.17647	0	4
0	407	11	169	53	54	48	0	169	115	5	7	3	2.12963	0.104167	8	2.75	0	10	0.394161	0.350365	115	55	47	201	201	0	81	0	16	11	17	4	1	0	0	0	0	1	1630	0	0	1.17647	0	4
0	180	9	68	20	27	19	0	68	41	1	4	1	1.51852	0.0526316	6	2.5	0	10	0.19708	0.138686	42	16	21	201	201	0	42	0	8	9	14	4	1	0	0	0	0	1	1636	0	0	1.57143	0	9
0	195	11	72	21	28	19	0	72	44	2	5	2	1.57143	0.105263	8	2.875	0	10	0.20438	0.138686	45	16	22	201	201	0	47	0	8	11	17	4	2	0	0	0	0	2	1643	0	0	1.52941	0	10
0	251	11	99	30	37	26	0	99	62	4	8	3	1.67568	0.153846	8	2.875	0	10	0.270073	0.189781	63	27	29	201	201	0	54	0	10	11	17	4	2	0	0	0	0	2	1650	0	0	1.17647	0	4
0	218	12	84	25	32	21	0	84	52	4	5	3	1.625	0.190476	6	2.5	0	10	0.233577	0.153285	50	20	26	201	201	0	48	0	9	12	19	4	3	0	0	0	0	3	1657	0	0	1.21053	0	5
0	274	15	104	29	39	24	0	104	65	5	6	3	1.66667	0.208333	7	2.28571	0	10	0.284672	0.175182	63	22	33	201	201	0	69	0	15	15	26	4	4	0	0	0	0	4	1664	0	0	1.30769	0	9
0	271	15	102	29	38	24	0	102	64	5	6	3	1.68421	0.208333	7	2.28571	0	10	0.277372	0.175182	62	22	32	201	201	0	68	0	15	15	26	4	4	0	0	0	0	4	1671	0	0	1.30769	0	9
0	271	15	102	29	38	24	0	102	64	5	6	3	1.68421	0.208333	7	2.28571	0	10	0.277372	0.175182	62	22	32	201	201	0	68	0	15	15	26	4	4	0	0	0	0	4	1678	0	0	1.30769	0	9
0	268	15	100	29	37	24	0	100	63	5	6	3	1.7027	0.208333	7	2.28571	0	10	0.270073	0.175182	61	22	31	201	201	0	67	0	15	15	26	4	4	0	0	0	0	4	1685	0	0	1.30769	0	9
0	233	13	90	27	34	23	0	90	56	4	6	3	1.64706	0.173913	7	2.28571	0	10	0.248175	0.167883	53	20	27	201	201	0	52	0	8	13	22	4	4	0	0	0	0	4	1692	0	0	1.54545	0	13
0	249	14	93	25	36	21	0	93	57	4	5	2	1.58333	0.190476	7	2.28571	0	10	0.262774	0.153285	57	19	30	201	201	0	67	0	15	14	23	4	3	0	0	0	0	3	1699	0	0	1.30435	0	8
0	246	14	91	25	35	21	0	91	56	4	5	2	1.6	0.190476	7	2.28571	0	10	0.255474	0.153285	56	19	29	201	201	0	66	0	15	14	23	4	3	0	0	0	0	3	1706	0	0	1.30435	0	8
0	246	14	91	25	35	21	0	91	56	4	5	2	1.6	0.190476	7	2.28571	0	10	0.255474	0.153285	56	19	29	201	201	0	66	0	15	14	23	4	3	0	0	0	0	3	1713	0	0	1.30435	0	8
0	243	14	89	25	34	21	0	89	55	4	5	2	1.61765	0.190476	7	2.28571	0	10	0.248175	0.153285	55	19	28	201	201	0	65	0	15	14	23	4	3	0	0	0	0	3	1720	0	0	1.30435	0	8
0	208	12	79	23	31	20	0	79	48	3	5	2	1.54839	0.15	7	2.28571	0	10	0.226277	0.145985	47	17	24	201	201	0	50	0	8	12	19	4	3	0	0	0	0	3	1727	0	0	1.57895	0	12
0	129	7	44	14	16	13	0	44	28	1	3	1	1.75	0.0769231	8	2.125	0	10	0.116788	0.0948905	25	10	11	201	201	0	34	0	7	7	11	4	0	0	0	0	0	0	1732	0	0	1.81818	0	10
0	124	6	42	14	15	13	0	42	27	1	3	1	1.8	0.0769231	8	2.125	0	10	0.109489	0.0948905	24	10	10	201	201	0	33	0	7	6	10	3	0	0	0	0	0	0	1736	0	0	1.9	0	10
0	119	5	40	14	14	13	0	40	26	1	3	1	1.85714	0.0769231	8	2.125	0	10	0.10219	0.0948905	23	10	9	201	201	0	32	0	7	5	9	2	0	0	0	0	0	0	1739	0	0	2	0	10
0	83	4	27	10	9	9	0	27	18	1	3	1	2	0.111111	4	3.25	0	10	0.0656934	0.0656934	16	7	5	201	201	0	24	0	6	4	6	1	0	0	0	0	0	0	1741	0	0	1	0	1
0	177	9	64	20	25	19	0	64	39	1	4	1	1.56	0.0526316	8	2.75	0	10	0.182482	0.138686	42	16	19	201	201	0	39	0	7	9	14	4	1	0	0	0	0	1	1747	0	0	1.64286	0	10
0	181	10	66	20	25	19	0	66	41	1	4	1	1.64	0.0526316	8	2.75	0	10	0.182482	0.138686	42	16	19	201	201	0	42	0	7	10	15	4	1	0	0	0	0	1	1753	0	0	1.6	0	10
0	407	11	169	53	54	48	0	169	115	5	7	3	2.12963	0.104167	8	2.75	0	10	0.394161	0.350365	115	55	47	201	201	0	81	0	16	11	17	4	1	0	0	0	0	1	1759	0	0	1.17647	0	4
0	404	11	167	53	53	48	0	167	114	5	7	3	2.15094	0.104167	8	2.75	0	10	0.386861	0.350365	114	55	46	201	201	0	80	0	16	11	17	4	1	0	0	0	0	1	1765	0	0	1.17647	0	4
0	177	9	66	20	26	19	0	66	40	1	4	1	1.53846	0.0526316	6	2.5	0	10	0.189781	0.138686	41	16	20	201	201	0	41	0	8	9	14	4	1	0	0	0	0	1	1771	0	0	1.57143	0	9
0	192	11	70	21	27	19	0	70	43	2	5	2	1.59259	0.105263	8	2.875	0	10	0.19708	0.138686	44	16	21	201	201	0	46	0	8	11	17	4	2	0	0	0	0	2	1778	0	0	1.52941	0	10
0	248	11	97	30	36	26	0	97	61	4	8	3	1.69444	0.153846	8	2.875	0	10	0.262774	0.189781	62	27	28	201	201	0	53	0	10	11	17	4	2	0	0	0	0	2	1785	0	0	1.17647	0	4
0	215	12	82	25	31	21	0	82	51	4	5	3	1.64516	0.190476	6	2.5	0	10	0.226277	0.153285	49	20	25	201	201	0	47	0	9	12	19	4	3	0	0	0	0	3	1792	0	0	1.21053	0	5
375	77	4	17	18	10	16	0	17	7	2	3	2	0.7	0.125	0	0	0	22	0.136986	0.219178	4	2	4	-1	10000000000	0	14	0	2	4	9	1	1	0	0	0	0	1	1878	0	0	1.44444	0	5
0	213	11	77	44	39	34	0	77	38	10	8	8	0.974359	0.294118	0	0	0	22	0.534247	0.465753	30	12	19	-1	10000000000	0	38	0	3	12	21	4	3	0	0	0	0	3	1887	0	0	1.42857	0	10
0	213	11	77	44	39	34	0	77	38	10	8	8	0.974359	0.294118	0	0	0	22	0.534247	0.465753	30	12	19	-1	10000000000	0	38	0	3	12	21	4	3	0	0	0	0	3	1896	0	0	1.42857	0	10
0	206	11	74	43	38	33	0	74	36	10	8	8	0.947368	0.30303	0	0	0	22	0.520548	0.452055	28	11	18	-1	10000000000	0	38	0	3	12	20	4	3	0	0	0	0	3	1905	0	0	1.45	0	10
0	206	11	74	43	38	33	0	74	36	10	8	8	0.947368	0.30303	0	0	0	22	0.520548	0.452055	28	11	18	-1	10000000000	0	38	0	3	12	20	4	3	0	0	0	0	3	1914	0	0	1.45	0	10
0	211	11	76	44	38	34	0	76	38	10	8	8	1	0.294118	0	0	0	22	0.520548	0.465753	29	12	18	-1	10000000000	0	38	0	3	12	21	4	3	0	0	0	0	3	1923	0	0	1.42857	0	10
0	211	11	76	44	38	34	0	76	38	10	8	8	1	0.294118	0	0	0	22	0.520548	0.465753	29	12	18	-1	10000000000	0	38	0	3	12	21	4	3	0	0	0	0	3	1932	0	0	1.42857	0	10
0	204	11	73	43	37	33	0	73	36	10	8	8	0.972973	0.30303	0	0	0	22	0.506849	0.452055	27	11	17	-1	10000000000	0	38	0	3	12	20	4	3	0	0	0	0	3	1941	0	0	1.45	0	10
0	204	11	73	43	37	33	0	73	36	10	8	8	0.972973	0.30303	0	0	0	22	0.506849	0.452055	27	11	17	-1	10000000000	0	38	0	3	12	20	4	3	0	0	0	0	3	1950	0	0	1.45	0	10
0	204	11	73	43	37	33	0	73	36	10	8	8	0.972973	0.30303	0	0	0	22	0.506849	0.452055	27	11	17	-1	10000000000	0	38	0	3	12	20	4	3	0	0	0	0	3	1959	0	0	1.45	0	10
0	204	11	73	43	37	33	0	73	36	10	8	8	0.972973	0.30303	0	0	0	22	0.506849	0.452055	27	11	17	-1	10000000000	0	38	0	3	12	20	4	3	0	0	0	0	3	1968	0	0	1.45	0	10
0	197	11	70	42	36	32	0	70	34	10	8	8	0.944444	0.3125	0	0	0	22	0.493151	0.438356	25	10	16	-1	10000000000	0	38	0	3	12	19	4	3	0	0	0	0	3	1977	0	0	1.47368	0	10
0	197	11	70	42	36	32	0	70	34	10	8	8	0.944444	0.3125	0	0	0	22	0.493151	0.438356	25	10	16	-1	10000000000	0	38	0	3	12	19	4	3	0	0	0	0	3	1986	0	0	1.47368	0	10
0	202	11	72	43	36	33	0	72	36	10	8	8	1	0.30303	0	0	0	22	0.493151	0.452055	26	11	16	-1	10000000000	0	38	0	3	12	20	4	3	0	0	0	0	3	1995	0	0	1.45	0	10
0	202	11	72	43	36	33	0	72	36	10	8	8	1	0.30303	0	0	0	22	0.493151	0.452055	26	11	16	-1	10000000000	0	38	0	3	12	20	4	3	0	0	0	0	3	2004	0	0	1.45	0	10
0	195	11	69	42	35	32	0	69	34	10	8	8	0.971429	0.3125	0	0	0	22	0.479452	0.438356	24	10	15	-1	10000000000	0	38	0	3	12	19	4	3	0	0	0	0	3	2013	0	0	1.47368	0	10
0	195	11	69	42	35	32	0	69	34	10	8	8	0.971429	0.3125	0	0	0	22	0.479452	0.438356	24	10	15	-1	10000000000	0	38	0	3	12	19	4	3	0	0	0	0	3	2022	0	0	1.47368	0	10
0	130	9	40	26	22	21	0	40	18	5	8	3	0.818182	0.238095	0	0	0	22	0.30137	0.287671	9	3	9	-1	10000000000	0	28	0	3	9	19	1	4	0	0	0	0	4	2028	0	0	1.36842	0	8
0	130	9	40	26	22	21	0	40	18	5	8	3	0.818182	0.238095	0	0	0	22	0.30137	0.287671	9	3	9	-1	10000000000	0	28	0	3	9	19	1	4	0	0	0	0	4	2034	0	0	1.36842	0	8
0	137	10	43	27	22	21	0	43	21	6	9	3	0.954545	0.285714	0	0	0	22	0.30137	0.287671	9	3	9	-1	10000000000	0	29	0	3	10	21	1	5	0	0	0	0	5	2041	0	0	1.38095	0	9
0	137	10	43	27	22	21	0	43	21	6	9	3	0.954545	0.285714	0	0	0	22	0.30137	0.287671	9	3	9	-1	10000000000	0	29	0	3	10	21	1	5	0	0	0	0	5	2048	0	0	1.38095	0	9
0	113	9	32	24	16	19	0	32	16	5	8	3	1	0.263158	0	0	0	22	0.219178	0.260274	5	1	5	-1	10000000000	0	19	0	1	9	19	1	5	0	0	0	0	5	2054	0	0	1.42105	0	9
2	116	8	34	25	19	20	0	34	15	5	7	3	0.789474	0.25	0	0	0	22	0.260274	0.273973	7	2	7	-1	10000000000	0	21	0	2	8	17	1	4	0	0	0	0	4	2059	0	0	1.35294	0	7
0	123	9	37	26	19	20	0	37	18	6	8	3	0.947368	0.3	0	0	0	22	0.260274	0.273973	7	2	7	-1	10000000000	0	22	0	2	9	19	1	5	0	0	0	0	5	2065	0	0	1.36842	0	8
0	113	9	32	24	16	19	0	32	16	5	8	3	1	0.263158	0	0	0	22	0.219178	0.260274	5	1	5	-1	10000000000	0	19	0	1	9	19	1	5	0	0	0	0	5	2071	0	0	1.42105	0	9
65	89	6	22	19	11	16	0	22	11	3	4	3	1	0.1875	0	0	0	22	0.150685	0.219178	5	2	5	-1	10000000000	0	16	0	2	6	12	2	2	0	0	0	0	2	2075	0	0	1.41667	0	6
131	84	6	20	18	11	15	0	20	9	3	4	3	0.818182	0.2	0	0	0	22	0.150685	0.205479	5	1	5	-1	10000000000	0	13	0	1	6	11	2	2	0	0	0	0	2	2079	0	0	1.36364	0	5
761	78	4	17	18	10	16	0	17	7	2	3	2	0.7	0.125	0	0	0	22	0.136986	0.219178	4	2	4	-1	10000000000	0	15	0	3	4	9	1	1	0	0	0	0	1	2081	0	0	1.44444	0	5
0	214	11	77	44	39	34	0	77	38	10	8	8	0.974359	0.294118	0	0	0	22	0.534247	0.465753	30	12	19	-1	10000000000	0	39	0	4	12	21	4	3	0	0	0	0	3	2090	0	0	1.42857	0	10
1	214	11	77	44	39	34	0	77	38	10	8	8	0.974359	0.294118	0	0	0	22	0.534247	0.465753	30	12	19	-1	10000000000	0	39	0	4	12	21	4	3	0	0	0	0	3	2099	0	0	1.42857	0	10
0	207	11	74	43	38	33	0	74	36	10	8	8	0.947368	0.30303	0	0	0	22	0.520548	0.452055	28	11	18	-1	10000000000	0	39	0	4	12	20	4	3	0	0	0	0	3	2108	0	0	1.45	0	10
0	207	11	74	43	38	33	0	74	36	10	8	8	0.947368	0.30303	0	0	0	22	0.520548	0.452055	28	11	18	-1	10000000000	0	39	0	4	12	20	4	3	0	0	0	0	3	2117	0	0	1.45	0	10
0	212	11	76	44	38	34	0	76	38	10	8	8	1	0.294118	0	0	0	22	0.520548	0.465753	29	12	18	-1	10000000000	0	39	0	4	12	21	4	3	0	0	0	0	3	2126	0	0	1.42857	0	10
1	212	11	76	44	38	34	0	76	38	10	8	8	1	0.294118	0	0	0	22	0.520548	0.465753	29	12	18	-1	10000000000	0	39	0	4	12	21	4	3	0	0	0	0	3	2135	0	0	1.42857	0	10
0	205	11	73	43	37	33	0	73	36	10	8	8	0.972973	0.30303	0	0	0	22	0.506849	0.452055	27	11	17	-1	10000000000	0	39	0	4	12	20	4	3	0	0	0	0	3	2144	0	0	1.45	0	10
0	205	11	73	43	37	33	0	73	36	10	8	8	0.972973	0.30303	0	0	0	22	0.506849	0.452055	27	11	17	-1	10000000000	0	39	0	4	12	20	4	3	0	0	0	0	3	2153	0	0	1.45	0	10
0	205	11	73	43	37	33	0	73	36	10	8	8	0.972973	0.30303	0	0	0	22	0.506849	0.452055	27	11	17	-1	10000000000	0	39	0	4	12	20	4	3	0	0	0	0	3	2162	0	0	1.45	0	10
0	205	11	73	43	37	33	0	73	36	10	8	8	0.972973	0.30303	0	0	0	22	0.506849	0.452055	27	11	17	-1	10000000000	0	39	0	4	12	20	4	3	0	0	0	0	3	2171	0	0	1.45	0	10
0	198	11	70	42	36	32	0	70	34	10	8	8	0.944444	0.3125	0	0	0	22	0.493151	0.438356	25	10	16	-1	10000000000	0	39	0	4	12	19	4	3	0	0	0	0	3	2180	0	0	1.47368	0	10
0	198	11	70	42	36	32	0	70	34	10	8	8	0.944444	0.3125	0	0	0	22	0.493151	0.438356	25	10	16	-1	10000000000	0	39	0	4	12	19	4	3	0	0	0	0	3	2189	0	0	1.47368	0	10
0	203	11	72	43	36	33	0	72	36	10	8	8	1	0.30303	0	0	0	22	0.493151	0.452055	26	11	16	-1	10000000000	0	39	0	4	12	20	4	3	0	0	0	0	3	2198	0	0	1.45	0	10
0	203	11	72	43	36	33	0	72	36	10	8	8	1	0.30303	0	0	0	22	0.493151	0.452055	26	11	16	-1	10000000000	0	39	0	4	12	20	4	3	0	0	0	0	3	2207	0	0	1.45	0	10
0	196	11	69	42	35	32	0	69	34	10	8	8	0.971429	0.3125	0	0	0	22	0.479452	0.438356	24	10	15	-1	10000000000	0	39	0	4	12	19	4	3	0	0	0	0	3	2216	0	0	1.47368	0	10
0	196	11	69	42	35	32	0	69	34	10	8	8	0.971429	0.3125	0	0	0	22	0.479452	0.438356	24	10	15	-1	10000000000	0	39	0	4	12	19	4	3	0	0	0	0	3	2225	0	0	1.47368	0	10
0	131	9	40	26	22	21	0	40	18	5	8	3	0.818182	0.238095	0	0	0	22	0.30137	0.287671	9	3	9	-1	10000000000	0	29	0	4	9	19	1	4	0	0	0	0	4	2231	0	0	1.36842	0	8
0	131	9	40	26	22	21	0	40	18	5	8	3	0.818182	0.238095	0	0	0	22	0.30137	0.287671	9	3	9	-1	10000000000	0	29	0	4	9	19	1	4	0	0	0	0	4	2237	0	0	1.36842	0	8
0	138	10	43	27	22	21	0	43	21	6	9	3	0.954545	0.285714	0	0	0	22	0.30137	0.287671	9	3	9	-1	10000000000	0	30	0	4	10	21	1	5	0	0	0	0	5	2244	0	0	1.38095	0	9
0	138	10	43	27	22	21	0	43	21	6	9	3	0.954545	0.285714	0	0	0	22	0.30137	0.287671	9	3	9	-1	10000000000	0	30	0	4	10	21	1	5	0	0	0	0	5	2251	0	0	1.38095	0	9
0	114	9	32	24	16	19	0	32	16	5	8	3	1	0.263158	0	0	0	22	0.219178	0.260274	5	1	5	-1	10000000000	0	20	0	2	9	19	1	5	0	0	0	0	5	2257	0	0	1.42105	0	9
4	117	8	34	25	19	20	0	34	15	5	7	3	0.789474	0.25	0	0	0	22	0.260274	0.273973	7	2	7	-1	10000000000	0	22	0	3	8	17	1	4	0	0	0	0	4	2262	0	0	1.35294	0	7
0	124	9	37	26	19	20	0	37	18	6	8	3	0.947368	0.3	0	0	0	22	0.260274	0.273973	7	2	7	-1	10000000000	0	23	0	3	9	19	1	5	0	0	0	0	5	2268	0	0	1.36842	0	8
0	114	9	32	24	16	19	0	32	16	5	8	3	1	0.263158	0	0	0	22	0.219178	0.260274	5	1	5	-1	10000000000	0	20	0	2	9	19	1	5	0	0	0	0	5	2274	0	0	1.42105	0	9
131	90	6	22	19	11	16	0	22	11	3	4	3	1	0.1875	0	0	0	22	0.150685	0.219178	5	2	5	-1	10000000000	0	17	0	3	6	12	2	2	0	0	0	0	2	2278	0	0	1.41667	0	6
267	85	6	20	18	11	15	0	20	9	3	4	3	0.818182	0.2	0	0	0	22	0.150685	0.205479	5	1	5	-1	10000000000	0	14	0	2	6	11	2	2	0	0	0	0	2	2282	0	0	1.36364	0	5
0	86	6	21	18	12	16	0	21	9	2	4	2	0.75	0.125	0	0	0	22	0.164384	0.219178	5	2	5	-1	10000000000	0	17	0	2	6	11	1	1	0	0	0	0	1	2285	0	0	1.45455	0	6
0	222	13	81	44	40	34	0	81	41	10	9	8	1.025	0.294118	0	0	0	22	0.547945	0.465753	31	12	20	-1	10000000000	0	41	0	3	14	23	4	3	0	0	0	0	3	2295	0	0	1.43478	0	11
0	222	13	81	44	40	34	0	81	41	10	9	8	1.025	0.294118	0	0	0	22	0.547945	0.465753	31	12	20	-1	10000000000	0	41	0	3	14	23	4	3	0	0	0	0	3	2305	0	0	1.43478	0	11
0	215	13	78	43	39	33	0	78	39	10	9	8	1	0.30303	0	0	0	22	0.534247	0.452055	29	11	19	-1	10000000000	0	41	0	3	14	22	4	3	0	0	0	0	3	2315	0	0	1.45455	0	11
0	215	13	78	43	39	33	0	78	39	10	9	8	1	0.30303	0	0	0	22	0.534247	0.452055	29	11	19	-1	10000000000	0	41	0	3	14	22	4	3	0	0	0	0	3	2325	0	0	1.45455	0	11
0	220	13	80	44	39	34	0	80	41	10	9	8	1.05128	0.294118	0	0	0	22	0.534247	0.465753	30	12	19	-1	10000000000	0	41	0	3	14	23	4	3	0	0	0	0	3	2335	0	0	1.43478	0	11
0	220	13	80	44	39	34	0	80	41	10	9	8	1.05128	0.294118	0	0	0	22	0.534247	0.465753	30	12	19	-1	10000000000	0	41	0	3	14	23	4	3	0	0	0	0	3	2345	0	0	1.43478	0	11
0	213	13	77	43	38	33	0	77	39	10	9	8	1.02632	0.30303	0	0	0	22	0.520548	0.452055	28	11	18	-1	10000000000	0	41	0	3	14	22	4	3	0	0	0	0	3	2355	0	0	1.45455	0	11
1	87	6	21	18	12	16	0	21	9	2	4	2	0.75	0.125	0	0	0	22	0.164384	0.219178	5	2	5	-1	10000000000	0	18	0	3	6	11	1	1	0	0	0	0	1	2515	0	0	1.45455	0	6
256	88	6	21	18	12	16	0	21	9	2	4	2	0.75	0.125	0	0	0	22	0.164384	0.219178	5	2	5	-1	10000000000	0	19	0	4	6	11	1	1	0	0	0	0	1	2975	0	0	1.45455	0	6
1	127	10	38	25	20	20	0	38	18	5	8	3	0.9	0.25	0	0	0	22	0.273973	0.273973	8	2	8	-1	10000000000	0	26	0	4	10	19	1	4	0	0	0	0	4	3178	0	0	1.36842	0	8
44	100	8	26	19	13	16	0	26	13	3	5	3	1	0.1875	0	0	0	22	0.178082	0.219178	6	2	6	-1	10000000000	0	21	0	4	8	14	2	2	0	0	0	0	2	3197	0	0	1.42857	0	7
90	95	8	24	18	13	15	0	24	11	3	5	3	0.846154	0.2	0	0	0	22	0.178082	0.205479	6	1	6	-1	10000000000	0	18	0	3	8	13	2	2	0	0	0	0	2	3202	0	0	1.38462	0	6
184	83	5	20	18	12	16	0	20	8	2	4	2	0.666667	0.125	0	0	0	22	0.164384	0.219178	5	2	5	-1	10000000000	0	15	0	2	5	10	1	1	0	0	0	0	1	3665	0	0	1.5	0	6
1	122	9	37	25	20	20	0	37	17	5	8	3	0.85	0.25	0	0	0	22	0.273973	0.273973	8	2	8	-1	10000000000	0	22	0	2	9	18	1	4	0	0	0	0	4	3868	0	0	1.38889	0	8
31	95	7	25	19	13	16	0	25	12	3	5	3	0.923077	0.1875	0	0	0	22	0.178082	0.219178	6	2	6	-1	10000000000	0	17	0	2	7	13	2	2	0	0	0	0	2	3887	0	0	1.46154	0	7
64	90	7	23	18	13	15	0	23	10	3	5	3	0.769231	0.2	0	0	0	22	0.178082	0.205479	6	1	6	-1	10000000000	0	14	0	1	7	12	2	2	0	0	0	0	2	3892	0	0	1.41667	0	6
374	84	5	20	18	12	16	0	20	8	2	4	2	0.666667	0.125	0	0	0	22	0.164384	0.219178	5	2	5	-1	10000000000	0	16	0	3	5	10	1	1	0	0	0	0	1	3895	0	0	1.5	0	6
2	123	9	37	25	20	20	0	37	17	5	8	3	0.85	0.25	0	0	0	22	0.273973	0.273973	8	2	8	-1	10000000000	0	23	0	3	9	18	1	4	0	0	0	0	4	4098	0	0	1.38889	0	8
64	96	7	25	19	13	16	0	25	12	3	5	3	0.923077	0.1875	0	0	0	22	0.178082	0.219178	6	2	6	-1	10000000000	0	18	0	3	7	13	2	2	0	0	0	0	2	4117	0	0	1.46154	0	7
131	91	7	23	18	13	15	0	23	10	3	5	3	0.769231	0.2	0	0	0	22	0.178082	0.205479	6	1	6	-1	10000000000	0	15	0	2	7	12	2	2	0	0	0	0	2	4122	0	0	1.41667	0	6
258	84	5	20	18	12	16	0	20	8	2	4	2	0.666667	0.125	0	0	0	22	0.164384	0.219178	5	2	5	-1	10000000000	0	16	0	3	5	10	1	1	0	0	0	0	1	4125	0	0	1.5	0	6
1	123	9	37	25	20	20	0	37	17	5	8	3	0.85	0.25	0	0	0	22	0.273973	0.273973	8	2	8	-1	10000000000	0	23	0	3	9	18	1	4	0	0	0	0	4	4328	0	0	1.38889	0	8
44	96	7	25	19	13	16	0	25	12	3	5	3	0.923077	0.1875	0	0	0	22	0.178082	0.219178	6	2	6	-1	10000000000	0	18	0	3	7	13	2	2	0	0	0	0	2	4347	0	0	1.46154	0	7
90	91	7	23	18	13	15	0	23	10	3	5	3	0.769231	0.2	0	0	0	22	0.178082	0.205479	6	1	6	-1	10000000000	0	15	0	2	7	12	2	2	0	0	0	0	2	4352	0	0	1.41667	0	6
74514	85	5	20	18	12	16	0	20	8	2	4	2	0.666667	0.125	0	0	0	22	0.164384	0.219178	5	2	5	-1	10000000000	0	17	0	4	5	10	1	1	0	0	0	0	1	4355	0	0	1.5	0	6
32	221	12	80	44	40	34	0	80	40	10	9	8	1	0.294118	0	0	0	22	0.547945	0.465753	31	12	20	-1	10000000000	0	41	0	5	13	22	4	3	0	0	0	0	3	4365	0	0	1.45455	0	11
107	221	12	80	44	40	34	0	80	40	10	9	8	1	0.294118	0	0	0	22	0.547945	0.465753	31	12	20	-1	10000000000	0	41	0	5	13	22	4	3	0	0	0	0	3	4375	0	0	1.45455	0	11
17	214	12	77	43	39	33	0	77	38	10	9	8	0.974359	0.30303	0	0	0	22	0.534247	0.452055	29	11	19	-1	10000000000	0	41	0	5	13	21	4	3	0	0	0	0	3	4385	0	0	1.47619	0	11
58	214	12	77	43	39	33	0	77	38	10	9	8	0.974359	0.30303	0	0	0	22	0.534247	0.452055	29	11	19	-1	10000000000	0	41	0	5	13	21	4	3	0	0	0	0	3	4395	0	0	1.47619	0	11
30	219	12	79	44	39	34	0	79	40	10	9	8	1.02564	0.294118	0	0	0	22	0.534247	0.465753	30	12	19	-1	10000000000	0	41	0	5	13	22	4	3	0	0	0	0	3	4405	0	0	1.45455	0	11
99	219	12	79	44	39	34	0	79	40	10	9	8	1.02564	0.294118	0	0	0	22	0.534247	0.465753	30	12	19	-1	10000000000	0	41	0	5	13	22	4	3	0	0	0	0	3	4415	0	0	1.45455	0	11
16	212	12	76	43	38	33	0	76	38	10	9	8	1	0.30303	0	0	0	22	0.520548	0.452055	28	11	18	-1	10000000000	0	41	0	5	13	21	4	3	0	0	0	0	3	4425	0	0	1.47619	0	11
54	212	12	76	43	38	33	0	76	38	10	9	8	1	0.30303	0	0	0	22	0.520548	0.452055	28	11	18	-1	10000000000	0	41	0	5	13	21	4	3	0	0	0	0	3	4435	0	0	1.47619	0	11
25	212	12	76	43	38	33	0	76	38	10	9	8	1	0.30303	0	0	0	22	0.520548	0.452055	28	11	18	-1	10000000000	0	41	0	5	13	21	4	3	0	0	0	0	3	4445	0	0	1.47619	0	11
83	212	12	76	43	38	33	0	76	38	10	9	8	1	0.30303	0	0	0	22	0.520548	0.452055	28	11	18	-1	10000000000	0	41	0	5	13	21	4	3	0	0	0	0	3	4455	0	0	1.47619	0	11
13	205	12	73	42	37	32	0	73	36	10	9	8	0.972973	0.3125	0	0	0	22	0.506849	0.438356	26	10	17	-1	10000000000	0	41	0	5	13	20	4	3	0	0	0	0	3	4465	0	0	1.5	0	11
45	205	12	73	42	37	32	0	73	36	10	9	8	0.972973	0.3125	0	0	0	22	0.506849	0.438356	26	10	17	-1	10000000000	0	41	0	5	13	20	4	3	0	0	0	0	3	4475	0	0	1.5	0	11
23	210	12	75	43	37	33	0	75	38	10	9	8	1.02703	0.30303	0	0	0	22	0.506849	0.452055	27	11	17	-1	10000000000	0	41	0	5	13	21	4	3	0	0	0	0	3	4485	0	0	1.47619	0	11
77	210	12	75	43	37	33	0	75	38	10	9	8	1.02703	0.30303	0	0	0	22	0.506849	0.452055	27	11	17	-1	10000000000	0	41	0	5	13	21	4	3	0	0	0	0	3	4495	0	0	1.47619	0	11
12	203	12	72	42	36	32	0	72	36	10	9	8	1	0.3125	0	0	0	22	0.493151	0.438356	25	10	16	-1	10000000000	0	41	0	5	13	20	4	3	0	0	0	0	3	4505	0	0	1.5	0	11
42	203	12	72	42	36	32	0	72	36	10	9	8	1	0.3125	0	0	0	22	0.493151	0.438356	25	10	16	-1	10000000000	0	41	0	5	13	20	4	3	0	0	0	0	3	4515	0	0	1.5	0	11
11	121	10	35	24	17	19	0	35	18	5	9	3	1.05882	0.263158	0	0	0	22	0.232877	0.260274	6	1	6	-1	10000000000	0	22	0	3	10	20	1	5	0	0	0	0	5	4552	0	0	1.45	0	10
483	124	9	37	25	20	20	0	37	17	5	8	3	0.85	0.25	0	0	0	22	0.273973	0.273973	8	2	8	-1	10000000000	0	24	0	4	9	18	1	4	0	0	0	0	4	4558	0	0	1.38889	0	8
19	131	10	40	26	20	20	0	40	20	6	9	3	1	0.3	0	0	0	22	0.273973	0.273973	8	2	8	-1	10000000000	0	25	0	4	10	20	1	5	0	0	0	0	5	4565	0	0	1.4	0	9
12895	97	7	25	19	13	16	0	25	12	3	5	3	0.923077	0.1875	0	0	0	22	0.178082	0.219178	6	2	6	-1	10000000000	0	19	0	4	7	13	2	2	0	0	0	0	2	4577	0	0	1.46154	0	7
26161	92	7	23	18	13	15	0	23	10	3	5	3	0.769231	0.2	0	0	0	22	0.178082	0.205479	6	1	6	-1	10000000000	0	16	0	3	7	12	2	2	0	0	0	0	2	4582	0	0	1.41667	0	6
258	82	4	19	18	12	16	0	19	7	2	4	2	0.583333	0.125	0	0	0	22	0.164384	0.219178	5	2	5	-1	10000000000	0	15	0	4	4	9	1	1	0	0	0	0	1	4815	0	0	1.55556	0	6
1	121	8	36	25	20	20	0	36	16	5	8	3	0.8	0.25	0	0	0	22	0.273973	0.273973	8	2	8	-1	10000000000	0	22	0	4	8	17	1	4	0	0	0	0	4	5018	0	0	1.41176	0	8
44	94	6	24	19	13	16	0	24	11	3	5	3	0.846154	0.1875	0	0	0	22	0.178082	0.219178	6	2	6	-1	10000000000	0	17	0	4	6	12	2	2	0	0	0	0	2	5037	0	0	1.5	0	7
90	89	6	22	18	13	15	0	22	9	3	5	3	0.692308	0.2	0	0	0	22	0.178082	0.205479	6	1	6	-1	10000000000	0	14	0	3	6	11	2	2	0	0	0	0	2	5042	0	0	1.45455	0	6
