1	121	9	47	15	21	12	0	47	26	3	8	1	1.2381	0.25	2	6	0	11	0.777778	0.444444	12	1	10	-1	10000000000	0	43	0	6	10	15	0	1	0	0	0	0	1	543	0	0	1.46667	0	8
50	107	8	39	15	19	12	0	39	20	3	7	1	1.05263	0.25	1	7	0	11	0.703704	0.444444	10	1	8	-1	10000000000	0	39	0	6	9	13	0	1	0	0	0	0	1	555	0	0	1.46154	0	7
2	103	8	38	14	19	12	0	38	19	2	7	1	1	0.166667	1	7	0	11	0.703704	0.444444	10	1	8	-1	10000000000	0	37	0	5	9	12	0	1	0	0	0	0	1	1107	0	0	1.5	0	7
1	43	2	5	9	3	8	0	5	2	1	1	1	0.666667	0.125	0	0	0	18	0.0576923	0.153846	1	1	0	257	256	0	8	0	1	2	5	0	1	0	0	0	0	1	12365	0	0	1.2	0	2
54	53	2	5	10	3	9	0	5	2	1	1	1	0.666667	0.111111	0	0	0	28	0.0258621	0.0775862	1	1	0	256	256	0	8	0	1	2	5	0	1	0	0	0	0	1	24245	0	0	1.2	0	2
79260	110	4	28	17	16	15	0	28	12	2	4	1	0.75	0.133333	1	8	0	39	0.108108	0.101351	6	3	3	100	3	0	36	0	3	4	6	0	1	0	0	0	0	1	24871	0	0	1.66667	0	5
1215	113	5	29	17	16	15	0	29	13	2	5	1	0.8125	0.133333	1	8	0	39	0.108108	0.101351	6	3	3	100	3	0	38	0	3	5	7	0	1	0	0	0	0	1	24871	0	0	1.57143	0	5
10	190	7	59	27	23	23	0	59	36	4	8	3	1.56522	0.173913	1	3	0	39	0.155405	0.155405	16	5	11	100	3	0	84	0	9	8	14	0	4	0	0	0	0	4	24871	0	0	1.71429	0	11
180	203	7	65	28	28	24	0	65	37	4	9	3	1.32143	0.166667	1	3	0	39	0.189189	0.162162	18	5	13	100	3	0	93	0	11	8	13	0	4	0	0	0	0	4	24872	0	0	1.69231	0	10
3	207	10	64	27	26	24	0	64	38	3	9	1	1.46154	0.125	1	3	0	39	0.175676	0.162162	17	6	11	100	3	0	98	0	11	11	18	0	4	0	0	0	0	4	24873	0	0	1.55556	0	11
3	245	12	82	33	32	27	0	82	50	6	13	5	1.5625	0.222222	1	3	0	39	0.216216	0.182432	18	5	13	100	3	0	121	0	16	13	22	0	5	0	0	0	0	5	24874	0	0	1.54545	0	13
3	245	12	82	33	32	27	0	82	50	6	13	5	1.5625	0.222222	1	3	0	39	0.216216	0.182432	18	5	13	100	3	0	121	0	16	13	22	0	5	0	0	0	0	5	24893	0	0	1.54545	0	13
67	211	9	68	28	27	24	0	68	41	4	9	3	1.51852	0.166667	1	3	0	39	0.182432	0.162162	18	5	13	100	3	0	98	0	11	10	16	0	4	0	0	0	0	4	24912	0	0	1.625	0	11
206	181	8	54	24	24	21	0	54	30	3	9	2	1.25	0.142857	1	3	0	39	0.162162	0.141892	14	3	11	100	3	0	82	0	10	9	14	0	4	0	0	0	0	4	24913	0	0	1.64286	0	10
36540	197	6	63	28	28	24	0	63	35	4	8	3	1.25	0.166667	1	3	0	39	0.189189	0.162162	18	5	13	100	3	0	90	0	11	7	10	0	3	0	0	0	0	3	24914	0	0	1.6	0	7
5	207	10	64	27	26	24	0	64	38	3	9	1	1.46154	0.125	1	3	0	39	0.175676	0.162162	17	6	11	100	3	0	98	0	11	11	18	0	4	0	0	0	0	4	24915	0	0	1.55556	0	11
5	245	12	82	33	32	27	0	82	50	6	13	5	1.5625	0.222222	1	3	0	39	0.216216	0.182432	18	5	13	100	3	0	121	0	16	13	22	0	5	0	0	0	0	5	24916	0	0	1.54545	0	13
5	245	12	82	33	32	27	0	82	50	6	13	5	1.5625	0.222222	1	3	0	39	0.216216	0.182432	18	5	13	100	3	0	121	0	16	13	22	0	5	0	0	0	0	5	24935	0	0	1.54545	0	13
110	211	9	68	28	27	24	0	68	41	4	9	3	1.51852	0.166667	1	3	0	39	0.182432	0.162162	18	5	13	100	3	0	98	0	11	10	16	0	4	0	0	0	0	4	24954	0	0	1.625	0	11
1992	224	9	74	29	30	24	0	74	44	5	11	4	1.46667	0.208333	1	3	0	39	0.202703	0.162162	20	5	15	100	3	0	107	0	13	10	15	0	4	0	0	0	0	4	24956	0	0	1.6	0	10
33	228	12	73	28	28	24	0	73	45	4	10	2	1.60714	0.166667	1	3	0	39	0.189189	0.162162	19	6	13	100	3	0	112	0	13	13	20	0	4	0	0	0	0	4	24958	0	0	1.5	0	11
35	266	14	91	34	34	27	0	91	57	7	14	5	1.67647	0.259259	1	3	0	39	0.22973	0.182432	20	5	15	100	3	0	135	0	18	15	24	0	5	0	0	0	0	5	24960	0	0	1.5	0	13
1	293	16	102	38	36	31	0	102	66	7	16	5	1.83333	0.225806	1	3	0	39	0.243243	0.209459	20	5	15	100	3	0	154	0	23	17	28	0	6	0	0	0	0	6	24962	0	0	1.5	0	15
1	293	16	102	38	36	31	0	102	66	7	16	5	1.83333	0.225806	1	3	0	39	0.243243	0.209459	20	5	15	100	3	0	154	0	23	17	28	0	6	0	0	0	0	6	24980	0	0	1.5	0	15
35	266	14	91	34	34	27	0	91	57	7	14	5	1.67647	0.259259	1	3	0	39	0.22973	0.182432	20	5	15	100	3	0	135	0	18	15	24	0	5	0	0	0	0	5	24998	0	0	1.5	0	13
1	293	16	102	38	36	31	0	102	66	7	16	5	1.83333	0.225806	1	3	0	39	0.243243	0.209459	20	5	15	100	3	0	154	0	23	17	28	0	6	0	0	0	0	6	25000	0	0	1.5	0	15
1	293	16	102	38	36	31	0	102	66	7	16	5	1.83333	0.225806	1	3	0	39	0.243243	0.209459	20	5	15	100	3	0	154	0	23	17	28	0	6	0	0	0	0	6	25018	0	0	1.5	0	15
746	232	11	77	29	29	24	0	77	48	5	10	4	1.65517	0.208333	1	3	0	39	0.195946	0.162162	20	5	15	100	3	0	112	0	13	12	18	0	4	0	0	0	0	4	25036	0	0	1.55556	0	11
2290	202	10	63	25	26	21	0	63	37	4	10	3	1.42308	0.190476	1	3	0	39	0.175676	0.141892	16	3	13	100	3	0	96	0	12	11	16	0	4	0	0	0	0	4	25038	0	0	1.5625	0	10
12650	175	7	52	24	24	21	0	52	28	3	8	2	1.16667	0.142857	1	3	0	39	0.162162	0.141892	14	3	11	100	3	0	79	0	10	8	11	0	3	0	0	0	0	3	25039	0	0	1.54545	0	7
4200	71	1	8	13	4	12	0	8	4	1	1	1	1	0.0833333	0	0	0	39	0.027027	0.0810811	3	3	0	100	3	0	13	0	1	1	3	0	1	0	0	0	0	1	25207	0	0	2	0	4
680301	32	1	3	9	3	9	0	3	0	0	0	0	0	0	0	0	0	14	0.09375	0.28125	0	0	0	0	0	0	6	0	2	1	3	0	0	0	0	0	0	0	25207	0	0	1.33333	0	2
1.34312e+06	43	2	7	11	5	10	0	7	2	1	2	1	0.4	0.1	0	0	0	14	0.15625	0.3125	1	0	1	-1	10000000000	0	13	0	3	2	4	0	1	0	0	0	0	1	25207	0	0	1	0	1
29779	66	4	15	14	8	12	0	15	7	2	4	1	0.875	0.166667	0	0	0	14	0.25	0.375	2	0	2	-1	10000000000	0	26	0	5	4	10	0	3	0	0	0	0	3	25207	0	0	1.4	0	5
3998	131	7	47	20	19	16	0	47	28	4	10	3	1.47368	0.25	1	6	0	14	0.59375	0.5	7	2	5	-1	10000000000	0	67	0	13	7	15	0	4	0	0	0	0	4	25208	0	0	1.4	0	7
285	196	10	79	26	22	18	0	79	57	8	14	4	2.59091	0.444444	2	6	0	14	0.6875	0.5625	12	4	8	-1	10000000000	0	108	0	21	10	20	0	5	0	0	0	0	5	25210	0	0	1.4	0	9
219	256	13	110	31	26	20	0	110	84	11	14	4	3.23077	0.55	3	6	0	14	0.8125	0.625	17	6	11	-1	10000000000	0	146	0	28	13	23	0	6	0	0	0	0	6	25216	0	0	1.34783	0	9
1590	242	12	104	29	25	19	0	104	79	10	14	4	3.16	0.526316	3	6	0	14	0.78125	0.59375	16	5	11	-1	10000000000	0	139	0	27	12	21	0	6	0	0	0	0	6	25219	0	0	1.33333	0	8
1323	232	12	99	29	25	19	0	99	74	10	14	4	2.96	0.526316	3	6	0	14	0.78125	0.59375	15	5	10	-1	10000000000	0	130	0	24	12	21	0	6	0	0	0	0	6	25225	0	0	1.38095	0	9
19389	177	9	72	23	22	17	0	72	50	6	14	4	2.27273	0.352941	2	6	0	14	0.6875	0.53125	11	3	8	-1	10000000000	0	98	0	19	9	16	0	5	0	0	0	0	5	25227	0	0	1.3125	0	6
1497	172	9	68	24	21	17	0	68	47	7	14	4	2.2381	0.411765	2	6	0	14	0.65625	0.53125	10	3	7	-1	10000000000	0	92	0	17	9	18	0	5	0	0	0	0	5	25229	0	0	1.44444	0	9
1151	232	12	99	29	25	19	0	99	74	10	14	4	2.96	0.526316	3	6	0	14	0.78125	0.59375	15	5	10	-1	10000000000	0	130	0	24	12	21	0	6	0	0	0	0	6	25235	0	0	1.38095	0	9
8329	218	11	93	27	24	18	0	93	69	9	14	4	2.875	0.5	3	6	0	14	0.75	0.5625	14	4	10	-1	10000000000	0	123	0	23	11	19	0	6	0	0	0	0	6	25238	0	0	1.36842	0	8
6931	208	11	88	27	24	18	0	88	64	9	14	4	2.66667	0.5	3	6	0	14	0.75	0.5625	13	4	9	-1	10000000000	0	114	0	20	11	19	0	6	0	0	0	0	6	25244	0	0	1.42105	0	9
178776	112	6	40	17	19	15	0	40	21	2	9	2	1.10526	0.133333	1	6	0	14	0.59375	0.46875	6	1	5	-1	10000000000	0	57	0	11	6	11	0	4	0	0	0	0	4	25245	0	0	1.27273	0	4
16573	107	6	36	18	18	15	0	36	18	3	10	2	1	0.2	1	6	0	14	0.5625	0.46875	5	1	4	-1	10000000000	0	51	0	9	6	13	0	4	0	0	0	0	4	25246	0	0	1.46154	0	7
1185	172	9	68	24	21	17	0	68	47	7	14	4	2.2381	0.411765	2	6	0	14	0.65625	0.53125	10	3	7	-1	10000000000	0	92	0	17	9	18	0	5	0	0	0	0	5	25248	0	0	1.44444	0	9
911	232	12	99	29	25	19	0	99	74	10	14	4	2.96	0.526316	3	6	0	14	0.78125	0.59375	15	5	10	-1	10000000000	0	130	0	24	12	21	0	6	0	0	0	0	6	25254	0	0	1.38095	0	9
6593	218	11	93	27	24	18	0	93	69	9	14	4	2.875	0.5	3	6	0	14	0.75	0.5625	14	4	10	-1	10000000000	0	123	0	23	11	19	0	6	0	0	0	0	6	25257	0	0	1.36842	0	8
5486	208	11	88	27	24	18	0	88	64	9	14	4	2.66667	0.5	3	6	0	14	0.75	0.5625	13	4	9	-1	10000000000	0	114	0	20	11	19	0	6	0	0	0	0	6	25263	0	0	1.42105	0	9
80370	153	8	61	21	21	16	0	61	40	5	14	4	1.90476	0.3125	2	6	0	14	0.65625	0.5	9	2	7	-1	10000000000	0	82	0	15	8	14	0	5	0	0	0	0	5	25265	0	0	1.35714	0	6
6206	148	8	57	22	20	16	0	57	37	6	14	4	1.85	0.375	2	6	0	14	0.625	0.5	8	2	6	-1	10000000000	0	76	0	13	8	16	0	5	0	0	0	0	5	25267	0	0	1.5	0	9
4774	208	11	88	27	24	18	0	88	64	9	14	4	2.66667	0.5	3	6	0	14	0.75	0.5625	13	4	9	-1	10000000000	0	114	0	20	11	19	0	6	0	0	0	0	6	25273	0	0	1.42105	0	9
34525	194	10	82	25	23	17	0	82	59	8	14	4	2.56522	0.470588	3	6	0	14	0.71875	0.53125	12	3	9	-1	10000000000	0	107	0	19	10	17	0	6	0	0	0	0	6	25276	0	0	1.41176	0	8
28733	184	10	77	25	23	17	0	77	54	8	14	4	2.34783	0.470588	3	6	0	14	0.71875	0.53125	11	3	8	-1	10000000000	0	98	0	16	10	17	0	6	0	0	0	0	6	25282	0	0	1.47059	0	9
212718	47	3	8	11	5	10	0	8	3	1	2	1	0.6	0.1	0	0	0	14	0.15625	0.3125	1	0	1	-1	10000000000	0	15	0	3	3	6	0	2	0	0	0	0	2	25282	0	0	1.5	0	4
47551	40	3	12	8	4	4	0	12	8	4	3	2	2	1	0	0	0	4	1	1	0	0	0	0	0	0	21	0	0	3	7	0	0	0	0	0	0	0	25282	0	0	1.28571	0	3
51168	37	3	11	7	4	4	0	11	7	3	3	2	1.75	0.75	0	0	0	4	1	1	0	0	0	0	0	0	20	0	0	3	6	0	0	0	0	0	0	0	25282	0	0	1.33333	0	3
241653	28	2	8	6	4	4	0	8	4	2	2	2	1	0.5	0	0	0	4	1	1	0	0	0	0	0	0	14	0	0	2	4	0	0	0	0	0	0	0	25282	0	0	1.25	0	2
207522	33	3	9	5	3	3	0	9	6	2	3	1	2	0.666667	0	0	0	4	0.75	0.75	0	0	0	0	0	0	18	0	0	3	6	0	0	0	0	0	0	0	25282	0	0	1.33333	0	3
223306	30	3	8	4	3	3	0	8	5	1	3	1	1.66667	0.333333	0	0	0	4	0.75	0.75	0	0	0	0	0	0	17	0	0	3	5	0	0	0	0	0	0	0	25282	0	0	1.4	0	3
1.05461e+06	21	2	5	3	3	3	0	5	2	0	1	0	0.666667	0	0	0	0	4	0.75	0.75	0	0	0	0	0	0	11	0	0	2	3	0	0	0	0	0	0	0	25282	0	0	1.33333	0	2
2.16996e+07	47	2	11	9	8	9	0	11	3	0	3	0	0.375	0	0	0	0	12	0.115942	0.130435	2	0	2	-1	10000000000	0	19	0	0	2	3	0	0	0	0	0	0	0	25283	0	0	10	0	28
1.20505e+07	71	3	21	13	10	9	0	21	11	4	5	4	1.1	0.444444	0	0	0	12	0.144928	0.130435	4	0	4	-1	10000000000	0	34	0	2	3	4	0	0	0	0	0	0	0	25285	0	0	7.75	0	28
6.54016e+06	95	4	31	17	12	9	0	31	19	8	5	4	1.58333	0.888889	0	0	0	12	0.173913	0.130435	6	0	6	-1	10000000000	0	49	0	4	4	5	0	0	0	0	0	0	0	25288	0	0	6.4	0	28
5.04526e+06	119	5	41	21	14	9	0	41	27	12	5	4	1.92857	1.33333	0	0	0	12	0.202899	0.130435	8	0	8	-1	10000000000	0	64	0	6	5	6	0	0	0	0	0	0	0	25292	0	0	5.5	0	28
4.60091e+06	143	6	51	25	16	9	0	51	35	16	5	4	2.1875	1.77778	0	0	0	12	0.231884	0.130435	10	0	10	-1	10000000000	0	79	0	8	6	7	0	0	0	0	0	0	0	25297	0	0	4.85714	0	28
4.15794e+06	167	7	61	29	18	9	0	61	43	20	5	4	2.38889	2.22222	0	0	0	12	0.26087	0.130435	12	0	12	-1	10000000000	0	94	0	10	7	8	0	0	0	0	0	0	0	25303	0	0	4.375	0	28
3.9969e+06	191	8	71	33	20	9	0	71	51	24	5	4	2.55	2.66667	0	0	0	12	0.289855	0.130435	14	0	14	-1	10000000000	0	109	0	12	8	9	0	0	0	0	0	0	0	25310	0	0	4	0	28
3.65414e+06	215	9	81	37	22	9	0	81	59	28	5	4	2.68182	3.11111	0	0	0	12	0.318841	0.130435	16	0	16	-1	10000000000	0	124	0	14	9	10	0	0	0	0	0	0	0	25318	0	0	3.7	0	28
3.21453e+06	239	10	91	41	24	9	0	91	67	32	5	4	2.79167	3.55556	0	0	0	12	0.347826	0.130435	18	0	18	-1	10000000000	0	139	0	16	10	11	0	0	0	0	0	0	0	25327	0	0	3.45455	0	28
2.70859e+06	263	11	101	45	26	9	0	101	75	36	5	4	2.88462	4	0	0	0	12	0.376812	0.130435	20	0	20	-1	10000000000	0	154	0	18	11	12	0	0	0	0	0	0	0	25337	0	0	3.25	0	28
2.04365e+06	287	12	111	49	28	9	0	111	83	40	5	4	2.96429	4.44444	0	0	0	12	0.405797	0.130435	22	0	22	-1	10000000000	0	169	0	20	12	13	0	0	0	0	0	0	0	25348	0	0	3.07692	0	28
1.903e+06	311	13	121	53	30	9	0	121	91	44	5	4	3.03333	4.88889	0	0	0	12	0.434783	0.130435	24	0	24	-1	10000000000	0	184	0	22	13	14	0	0	0	0	0	0	0	25360	0	0	2.92857	0	28
591568	339	14	132	58	33	10	0	132	99	48	5	4	3	4.8	0	0	0	12	0.478261	0.144928	26	0	26	-1	10000000000	0	201	0	25	14	16	0	1	0	0	0	0	1	25373	0	0	2.75	0	29
1.97896e+06	357	15	140	60	38	12	0	140	102	48	8	4	2.68421	4	0	0	0	12	0.550725	0.173913	28	0	28	-1	10000000000	0	212	0	25	15	17	0	1	0	0	0	0	1	25387	0	0	2.64706	0	29
353313	381	16	150	64	40	12	0	150	110	52	6	4	2.75	4.33333	0	0	0	12	0.57971	0.173913	30	0	30	-1	10000000000	0	227	0	27	16	18	0	1	0	0	0	0	1	25402	0	0	2.55556	0	29
925934	399	17	158	66	42	12	0	158	116	54	8	6	2.7619	4.5	0	0	0	12	0.608696	0.173913	32	0	32	-1	10000000000	0	238	0	27	17	19	0	1	0	0	0	0	1	25418	0	0	2.47368	0	29
268524	423	18	168	70	44	12	0	168	124	58	8	6	2.81818	4.83333	0	0	0	12	0.637681	0.173913	34	0	34	-1	10000000000	0	253	0	29	18	20	0	1	0	0	0	0	1	25435	0	0	2.4	0	29
618388	441	19	176	72	46	12	0	176	130	60	8	6	2.82609	5	0	0	0	12	0.666667	0.173913	36	0	36	-1	10000000000	0	264	0	29	19	21	0	1	0	0	0	0	1	25453	0	0	2.33333	0	29
196578	465	20	186	76	48	12	0	186	138	64	8	6	2.875	5.33333	0	0	0	12	0.695652	0.173913	38	0	38	-1	10000000000	0	279	0	31	20	22	0	1	0	0	0	0	1	25472	0	0	2.27273	0	29
295697	483	21	194	78	50	12	0	194	144	66	8	6	2.88	5.5	0	0	0	12	0.724638	0.173913	40	0	40	-1	10000000000	0	290	0	31	21	23	0	1	0	0	0	0	1	25492	0	0	2.21739	0	29
156710	507	22	204	82	52	12	0	204	152	70	8	6	2.92308	5.83333	0	0	0	12	0.753623	0.173913	42	0	42	-1	10000000000	0	305	0	33	22	24	0	1	0	0	0	0	1	25513	0	0	2.16667	0	29
234576	525	23	212	84	54	12	0	212	158	72	8	6	2.92593	6	0	0	0	12	0.782609	0.173913	44	0	44	-1	10000000000	0	316	0	33	23	25	0	1	0	0	0	0	1	25535	0	0	2.12	0	29
133945	549	24	222	88	56	12	0	222	166	76	8	6	2.96429	6.33333	0	0	0	12	0.811594	0.173913	46	0	46	-1	10000000000	0	331	0	35	24	26	0	1	0	0	0	0	1	25558	0	0	2.07692	0	29
177191	567	25	230	90	58	12	0	230	172	78	8	6	2.96552	6.5	0	0	0	12	0.84058	0.173913	48	0	48	-1	10000000000	0	342	0	35	25	27	0	1	0	0	0	0	1	25582	0	0	2.03704	0	29
118082	591	26	240	94	60	12	0	240	180	82	8	6	3	6.83333	0	0	0	12	0.869565	0.173913	50	0	50	-1	10000000000	0	357	0	37	26	28	0	1	0	0	0	0	1	25607	0	0	2	0	29
137213	609	27	248	96	62	12	0	248	186	84	8	6	3	7	0	0	0	12	0.898551	0.173913	52	0	52	-1	10000000000	0	368	0	37	27	29	0	1	0	0	0	0	1	25633	0	0	1.96552	0	29
76520	633	28	258	100	64	12	0	258	194	88	8	6	3.03125	7.33333	0	0	0	12	0.927536	0.173913	54	0	54	-1	10000000000	0	383	0	39	28	30	0	1	0	0	0	0	1	25660	0	0	1.93333	0	29
110395	651	29	266	102	66	12	0	266	200	90	8	6	3.0303	7.5	0	0	0	12	0.956522	0.173913	56	0	56	-1	10000000000	0	394	0	39	29	31	0	1	0	0	0	0	1	25688	0	0	1.90323	0	29
14	670	31	275	106	68	12	0	275	207	94	10	7	3.04412	7.83333	0	0	0	12	0.985507	0.173913	56	0	56	-1	10000000000	0	405	0	44	31	34	0	1	0	0	0	0	1	25772	0	0	1.05882	0	3
19	670	31	275	106	68	12	0	275	207	94	10	7	3.04412	7.83333	0	0	0	12	0.985507	0.173913	56	0	56	-1	10000000000	0	405	0	44	31	34	0	1	0	0	0	0	1	25828	0	0	1.05882	0	3
1.18918e+07	665	31	273	105	68	12	0	273	205	93	10	7	3.01471	7.75	0	0	0	12	0.985507	0.173913	56	0	56	-1	10000000000	0	402	0	43	31	33	0	1	0	0	0	0	1	25884	0	0	1.06061	0	3
4.12693e+06	79	3	18	12	9	10	0	18	9	2	3	1	1	0.2	1	4	0	29	0.130435	0.144928	4	2	2	100	100	0	26	0	3	3	5	0	1	0	0	0	0	1	25912	0	0	1.6	0	4
6	147	7	43	24	18	19	0	43	25	5	7	4	1.38889	0.263158	0	0	0	29	0.26087	0.275362	10	4	6	100	100	0	63	0	9	7	15	0	4	0	0	0	0	4	25928	0	0	1.73333	0	12
22	157	7	48	25	23	20	0	48	25	5	9	4	1.08696	0.25	0	0	0	29	0.333333	0.289855	12	4	8	100	100	0	69	0	10	7	14	0	4	0	0	0	0	4	25930	0	0	1.71429	0	11
3	199	12	65	30	27	23	0	65	38	7	13	6	1.40741	0.304348	0	0	0	29	0.391304	0.333333	12	4	8	100	100	0	97	0	15	12	23	0	5	0	0	0	0	5	25934	0	0	1.56522	0	14
59	165	9	51	25	22	20	0	51	29	5	9	4	1.31818	0.25	0	0	0	29	0.318841	0.289855	12	4	8	100	100	0	74	0	10	9	17	0	4	0	0	0	0	4	25962	0	0	1.64706	0	12
151	135	8	37	21	19	17	0	37	18	4	9	3	0.947368	0.235294	0	0	0	29	0.275362	0.246377	8	2	6	100	100	0	58	0	9	8	15	0	4	0	0	0	0	4	25964	0	0	1.66667	0	11
2078	151	6	46	25	23	20	0	46	23	5	8	4	1	0.25	0	0	0	29	0.333333	0.289855	12	4	8	100	100	0	66	0	10	6	11	0	3	0	0	0	0	3	25966	0	0	1.63636	0	8
6	199	12	65	30	27	23	0	65	38	7	13	6	1.40741	0.304348	0	0	0	29	0.391304	0.333333	12	4	8	100	100	0	97	0	15	12	23	0	5	0	0	0	0	5	25970	0	0	1.56522	0	14
1	226	14	76	34	29	27	0	76	47	7	15	6	1.62069	0.259259	0	0	0	29	0.42029	0.391304	12	4	8	100	100	0	116	0	20	14	27	0	6	0	0	0	0	6	25972	0	0	1.55556	0	16
1	199	12	65	30	27	23	0	65	38	7	13	6	1.40741	0.304348	0	0	0	29	0.391304	0.333333	12	4	8	100	100	0	97	0	15	12	23	0	5	0	0	0	0	5	25984	0	0	1.56522	0	14
116	165	9	51	25	22	20	0	51	29	5	9	4	1.31818	0.25	0	0	0	29	0.318841	0.289855	12	4	8	100	100	0	74	0	10	9	17	0	4	0	0	0	0	4	25998	0	0	1.64706	0	12
419	175	9	56	26	25	20	0	56	31	6	11	5	1.24	0.3	0	0	0	29	0.362319	0.289855	14	4	10	100	100	0	80	0	11	9	16	0	4	0	0	0	0	4	26001	0	0	1.625	0	11
7	160	12	48	21	23	17	0	48	25	4	10	3	1.08696	0.235294	0	0	0	29	0.333333	0.246377	10	2	8	100	100	0	73	0	9	12	21	0	4	0	0	0	0	4	26004	0	0	1.52381	0	12
65	217	14	73	31	29	23	0	73	44	8	14	6	1.51724	0.347826	0	0	0	29	0.42029	0.333333	14	4	10	100	100	0	108	0	16	14	25	0	5	0	0	0	0	5	26007	0	0	1.52	0	14
13	244	16	84	35	31	27	0	84	53	8	16	6	1.70968	0.296296	0	0	0	29	0.449275	0.391304	14	4	10	100	100	0	127	0	21	16	29	0	6	0	0	0	0	6	26010	0	0	1.51724	0	16
2	262	17	90	37	26	28	0	90	64	9	13	4	2.46154	0.321429	0	0	0	29	0.376812	0.405797	14	6	8	100	100	0	145	0	28	17	31	0	6	0	0	0	0	6	26013	0	0	1.51613	0	17
2	262	17	90	37	26	28	0	90	64	9	13	4	2.46154	0.321429	0	0	0	29	0.376812	0.405797	14	6	8	100	100	0	145	0	28	17	31	0	6	0	0	0	0	6	26016	0	0	1.51613	0	17
3	244	16	84	35	31	27	0	84	53	8	16	6	1.70968	0.296296	0	0	0	29	0.449275	0.391304	14	4	10	100	100	0	127	0	21	16	29	0	6	0	0	0	0	6	26019	0	0	1.51724	0	16
16	217	14	73	31	29	23	0	73	44	8	14	6	1.51724	0.347826	0	0	0	29	0.42029	0.333333	14	4	10	100	100	0	108	0	16	14	25	0	5	0	0	0	0	5	26028	0	0	1.52	0	14
3	244	16	84	35	31	27	0	84	53	8	16	6	1.70968	0.296296	0	0	0	29	0.449275	0.391304	14	4	10	100	100	0	127	0	21	16	29	0	6	0	0	0	0	6	26031	0	0	1.51724	0	16
1113	183	11	59	26	24	20	0	59	35	6	10	5	1.45833	0.3	0	0	0	29	0.347826	0.289855	14	4	10	100	100	0	85	0	11	11	19	0	4	0	0	0	0	4	26049	0	0	1.57895	0	12
2833	153	10	45	22	21	17	0	45	24	5	10	4	1.14286	0.294118	0	0	0	29	0.304348	0.246377	10	2	8	100	100	0	69	0	10	10	17	0	4	0	0	0	0	4	26052	0	0	1.58824	0	11
9884	129	7	35	21	19	17	0	35	16	4	8	3	0.842105	0.235294	0	0	0	29	0.275362	0.246377	8	2	6	100	100	0	55	0	9	7	12	0	3	0	0	0	0	3	26054	0	0	1.58333	0	8
1	188	11	59	29	24	23	0	59	35	6	13	5	1.45833	0.26087	0	0	0	29	0.347826	0.333333	10	4	6	100	100	0	91	0	15	12	23	0	5	0	0	0	0	5	26058	0	0	1.6087	0	15
22	154	8	45	24	18	19	0	45	27	5	8	4	1.5	0.263158	0	0	0	29	0.26087	0.275362	10	4	6	100	100	0	68	0	10	9	17	0	4	0	0	0	0	4	26086	0	0	1.70588	0	13
80	164	8	50	25	23	20	0	50	27	5	10	4	1.17391	0.25	0	0	0	29	0.333333	0.289855	12	4	8	100	100	0	74	0	11	9	16	0	4	0	0	0	0	4	26089	0	0	1.6875	0	12
1	149	11	42	20	21	17	0	42	21	3	10	2	1	0.176471	0	0	0	29	0.304348	0.246377	8	2	6	100	100	0	67	0	9	12	21	0	4	0	0	0	0	4	26092	0	0	1.57143	0	13
12	206	13	67	30	27	23	0	67	40	7	14	6	1.48148	0.304348	0	0	0	29	0.391304	0.333333	12	4	8	100	100	0	102	0	16	14	25	0	5	0	0	0	0	5	26095	0	0	1.56	0	15
2	233	15	78	34	29	27	0	78	49	7	16	6	1.68966	0.259259	0	0	0	29	0.42029	0.391304	12	4	8	100	100	0	121	0	21	16	29	0	6	0	0	0	0	6	26098	0	0	1.55172	0	17
3	206	13	67	30	27	23	0	67	40	7	14	6	1.48148	0.304348	0	0	0	29	0.391304	0.333333	12	4	8	100	100	0	102	0	16	14	25	0	5	0	0	0	0	5	26116	0	0	1.56	0	15
212	172	10	53	25	22	20	0	53	31	5	10	4	1.40909	0.25	0	0	0	29	0.318841	0.289855	12	4	8	100	100	0	79	0	11	11	19	0	4	0	0	0	0	4	26137	0	0	1.63158	0	13
541	142	9	39	21	19	17	0	39	20	4	10	3	1.05263	0.235294	0	0	0	29	0.275362	0.246377	8	2	6	100	100	0	63	0	10	10	17	0	4	0	0	0	0	4	26140	0	0	1.64706	0	12
7440	158	7	48	25	23	20	0	48	25	5	9	4	1.08696	0.25	0	0	0	29	0.333333	0.289855	12	4	8	100	100	0	71	0	11	8	13	0	3	0	0	0	0	3	26143	0	0	1.61538	0	9
2	149	11	42	20	21	17	0	42	21	3	10	2	1	0.176471	0	0	0	29	0.304348	0.246377	8	2	6	100	100	0	67	0	9	12	21	0	4	0	0	0	0	4	26146	0	0	1.57143	0	13
24	206	13	67	30	27	23	0	67	40	7	14	6	1.48148	0.304348	0	0	0	29	0.391304	0.333333	12	4	8	100	100	0	102	0	16	14	25	0	5	0	0	0	0	5	26149	0	0	1.56	0	15
4	233	15	78	34	29	27	0	78	49	7	16	6	1.68966	0.259259	0	0	0	29	0.42029	0.391304	12	4	8	100	100	0	121	0	21	16	29	0	6	0	0	0	0	6	26152	0	0	1.55172	0	17
1	233	15	78	34	29	27	0	78	49	7	16	6	1.68966	0.259259	0	0	0	29	0.42029	0.391304	12	4	8	100	100	0	121	0	21	16	29	0	6	0	0	0	0	6	26161	0	0	1.55172	0	17
6	206	13	67	30	27	23	0	67	40	7	14	6	1.48148	0.304348	0	0	0	29	0.391304	0.333333	12	4	8	100	100	0	102	0	16	14	25	0	5	0	0	0	0	5	26170	0	0	1.56	0	15
1	233	15	78	34	29	27	0	78	49	7	16	6	1.68966	0.259259	0	0	0	29	0.42029	0.391304	12	4	8	100	100	0	121	0	21	16	29	0	6	0	0	0	0	6	26173	0	0	1.55172	0	17
417	172	10	53	25	22	20	0	53	31	5	10	4	1.40909	0.25	0	0	0	29	0.318841	0.289855	12	4	8	100	100	0	79	0	11	11	19	0	4	0	0	0	0	4	26191	0	0	1.63158	0	13
1500	182	10	58	26	25	20	0	58	33	6	12	5	1.32	0.3	0	0	0	29	0.362319	0.289855	14	4	10	100	100	0	85	0	12	11	18	0	4	0	0	0	0	4	26195	0	0	1.61111	0	12
28	167	13	50	21	23	17	0	50	27	4	11	3	1.17391	0.235294	0	0	0	29	0.333333	0.246377	10	2	8	100	100	0	78	0	10	14	23	0	4	0	0	0	0	4	26199	0	0	1.52174	0	13
234	224	15	75	31	29	23	0	75	46	8	15	6	1.58621	0.347826	0	0	0	29	0.42029	0.333333	14	4	10	100	100	0	113	0	17	16	27	0	5	0	0	0	0	5	26203	0	0	1.51852	0	15
46	251	17	86	35	31	27	0	86	55	8	17	6	1.77419	0.296296	0	0	0	29	0.449275	0.391304	14	4	10	100	100	0	132	0	22	18	31	0	6	0	0	0	0	6	26207	0	0	1.51613	0	17
7	269	18	92	37	26	28	0	92	66	9	14	4	2.53846	0.321429	0	0	0	29	0.376812	0.405797	14	6	8	100	100	0	150	0	29	19	33	0	6	0	0	0	0	6	26211	0	0	1.51515	0	18
7	269	18	92	37	26	28	0	92	66	9	14	4	2.53846	0.321429	0	0	0	29	0.376812	0.405797	14	6	8	100	100	0	150	0	29	19	33	0	6	0	0	0	0	6	26215	0	0	1.51515	0	18
12	251	17	86	35	31	27	0	86	55	8	17	6	1.77419	0.296296	0	0	0	29	0.449275	0.391304	14	4	10	100	100	0	132	0	22	18	31	0	6	0	0	0	0	6	26219	0	0	1.51613	0	17
1	269	18	92	37	26	28	0	92	66	9	14	4	2.53846	0.321429	0	0	0	29	0.376812	0.405797	14	6	8	100	100	0	150	0	29	19	33	0	6	0	0	0	0	6	26223	0	0	1.51515	0	18
2	269	18	92	37	26	28	0	92	66	9	14	4	2.53846	0.321429	0	0	0	29	0.376812	0.405797	14	6	8	100	100	0	150	0	29	19	33	0	6	0	0	0	0	6	26227	0	0	1.51515	0	18
58	224	15	75	31	29	23	0	75	46	8	15	6	1.58621	0.347826	0	0	0	29	0.42029	0.333333	14	4	10	100	100	0	113	0	17	16	27	0	5	0	0	0	0	5	26231	0	0	1.51852	0	15
11	251	17	86	35	31	27	0	86	55	8	17	6	1.77419	0.296296	0	0	0	29	0.449275	0.391304	14	4	10	100	100	0	132	0	22	18	31	0	6	0	0	0	0	6	26235	0	0	1.51613	0	17
1	269	18	92	37	26	28	0	92	66	9	14	4	2.53846	0.321429	0	0	0	29	0.376812	0.405797	14	6	8	100	100	0	150	0	29	19	33	0	6	0	0	0	0	6	26239	0	0	1.51515	0	18
1	269	18	92	37	26	28	0	92	66	9	14	4	2.53846	0.321429	0	0	0	29	0.376812	0.405797	14	6	8	100	100	0	150	0	29	19	33	0	6	0	0	0	0	6	26243	0	0	1.51515	0	18
3	251	17	86	35	31	27	0	86	55	8	17	6	1.77419	0.296296	0	0	0	29	0.449275	0.391304	14	4	10	100	100	0	132	0	22	18	31	0	6	0	0	0	0	6	26247	0	0	1.51613	0	17
3984	190	12	61	26	24	20	0	61	37	6	11	5	1.54167	0.3	0	0	0	29	0.347826	0.289855	14	4	10	100	100	0	90	0	12	13	21	0	4	0	0	0	0	4	26259	0	0	1.57143	0	13
10141	160	11	47	22	21	17	0	47	26	5	11	4	1.2381	0.294118	0	0	0	29	0.304348	0.246377	10	2	8	100	100	0	74	0	11	12	19	0	4	0	0	0	0	4	26263	0	0	1.57895	0	12
35383	136	8	37	21	19	17	0	37	18	4	9	3	0.947368	0.235294	0	0	0	29	0.275362	0.246377	8	2	6	100	100	0	60	0	10	9	14	0	3	0	0	0	0	3	26266	0	0	1.57143	0	9
1	185	11	58	29	24	23	0	58	34	6	13	5	1.41667	0.26087	0	0	0	29	0.347826	0.333333	10	4	6	100	100	0	88	0	14	11	23	0	5	0	0	0	0	5	26270	0	0	1.6087	0	15
19	151	8	44	24	18	19	0	44	26	5	8	4	1.44444	0.263158	0	0	0	29	0.26087	0.275362	10	4	6	100	100	0	65	0	9	8	17	0	4	0	0	0	0	4	26298	0	0	1.70588	0	13
69	161	8	49	25	23	20	0	49	26	5	10	4	1.13043	0.25	0	0	0	29	0.333333	0.289855	12	4	8	100	100	0	71	0	10	8	16	0	4	0	0	0	0	4	26301	0	0	1.6875	0	12
1	146	11	41	20	21	17	0	41	20	3	10	2	0.952381	0.176471	0	0	0	29	0.304348	0.246377	8	2	6	100	100	0	64	0	8	11	21	0	4	0	0	0	0	4	26304	0	0	1.57143	0	13
10	203	13	66	30	27	23	0	66	39	7	14	6	1.44444	0.304348	0	0	0	29	0.391304	0.333333	12	4	8	100	100	0	99	0	15	13	25	0	5	0	0	0	0	5	26307	0	0	1.56	0	15
2	230	15	77	34	29	27	0	77	48	7	16	6	1.65517	0.259259	0	0	0	29	0.42029	0.391304	12	4	8	100	100	0	118	0	20	15	29	0	6	0	0	0	0	6	26310	0	0	1.55172	0	17
2	203	13	66	30	27	23	0	66	39	7	14	6	1.44444	0.304348	0	0	0	29	0.391304	0.333333	12	4	8	100	100	0	99	0	15	13	25	0	5	0	0	0	0	5	26328	0	0	1.56	0	15
183	169	10	52	25	22	20	0	52	30	5	10	4	1.36364	0.25	0	0	0	29	0.318841	0.289855	12	4	8	100	100	0	76	0	10	10	19	0	4	0	0	0	0	4	26349	0	0	1.63158	0	13
468	139	9	38	21	19	17	0	38	19	4	10	3	1	0.235294	0	0	0	29	0.275362	0.246377	8	2	6	100	100	0	60	0	9	9	17	0	4	0	0	0	0	4	26352	0	0	1.64706	0	12
6432	155	7	47	25	23	20	0	47	24	5	9	4	1.04348	0.25	0	0	0	29	0.333333	0.289855	12	4	8	100	100	0	68	0	10	7	13	0	3	0	0	0	0	3	26355	0	0	1.61538	0	9
2	146	11	41	20	21	17	0	41	20	3	10	2	0.952381	0.176471	0	0	0	29	0.304348	0.246377	8	2	6	100	100	0	64	0	8	11	21	0	4	0	0	0	0	4	26358	0	0	1.57143	0	13
21	203	13	66	30	27	23	0	66	39	7	14	6	1.44444	0.304348	0	0	0	29	0.391304	0.333333	12	4	8	100	100	0	99	0	15	13	25	0	5	0	0	0	0	5	26361	0	0	1.56	0	15
4	230	15	77	34	29	27	0	77	48	7	16	6	1.65517	0.259259	0	0	0	29	0.42029	0.391304	12	4	8	100	100	0	118	0	20	15	29	0	6	0	0	0	0	6	26364	0	0	1.55172	0	17
1	230	15	77	34	29	27	0	77	48	7	16	6	1.65517	0.259259	0	0	0	29	0.42029	0.391304	12	4	8	100	100	0	118	0	20	15	29	0	6	0	0	0	0	6	26373	0	0	1.55172	0	17
5	203	13	66	30	27	23	0	66	39	7	14	6	1.44444	0.304348	0	0	0	29	0.391304	0.333333	12	4	8	100	100	0	99	0	15	13	25	0	5	0	0	0	0	5	26382	0	0	1.56	0	15
1	230	15	77	34	29	27	0	77	48	7	16	6	1.65517	0.259259	0	0	0	29	0.42029	0.391304	12	4	8	100	100	0	118	0	20	15	29	0	6	0	0	0	0	6	26385	0	0	1.55172	0	17
361	169	10	52	25	22	20	0	52	30	5	10	4	1.36364	0.25	0	0	0	29	0.318841	0.289855	12	4	8	100	100	0	76	0	10	10	19	0	4	0	0	0	0	4	26403	0	0	1.63158	0	13
1297	179	10	57	26	25	20	0	57	32	6	12	5	1.28	0.3	0	0	0	29	0.362319	0.289855	14	4	10	100	100	0	82	0	11	10	18	0	4	0	0	0	0	4	26407	0	0	1.61111	0	12
24	164	13	49	21	23	17	0	49	26	4	11	3	1.13043	0.235294	0	0	0	29	0.333333	0.246377	10	2	8	100	100	0	75	0	9	13	23	0	4	0	0	0	0	4	26411	0	0	1.52174	0	13
202	221	15	74	31	29	23	0	74	45	8	15	6	1.55172	0.347826	0	0	0	29	0.42029	0.333333	14	4	10	100	100	0	110	0	16	15	27	0	5	0	0	0	0	5	26415	0	0	1.51852	0	15
40	248	17	85	35	31	27	0	85	54	8	17	6	1.74194	0.296296	0	0	0	29	0.449275	0.391304	14	4	10	100	100	0	129	0	21	17	31	0	6	0	0	0	0	6	26419	0	0	1.51613	0	17
6	266	18	91	37	26	28	0	91	65	9	14	4	2.5	0.321429	0	0	0	29	0.376812	0.405797	14	6	8	100	100	0	147	0	28	18	33	0	6	0	0	0	0	6	26423	0	0	1.51515	0	18
6	266	18	91	37	26	28	0	91	65	9	14	4	2.5	0.321429	0	0	0	29	0.376812	0.405797	14	6	8	100	100	0	147	0	28	18	33	0	6	0	0	0	0	6	26427	0	0	1.51515	0	18
10	248	17	85	35	31	27	0	85	54	8	17	6	1.74194	0.296296	0	0	0	29	0.449275	0.391304	14	4	10	100	100	0	129	0	21	17	31	0	6	0	0	0	0	6	26431	0	0	1.51613	0	17
1	266	18	91	37	26	28	0	91	65	9	14	4	2.5	0.321429	0	0	0	29	0.376812	0.405797	14	6	8	100	100	0	147	0	28	18	33	0	6	0	0	0	0	6	26435	0	0	1.51515	0	18
1	266	18	91	37	26	28	0	91	65	9	14	4	2.5	0.321429	0	0	0	29	0.376812	0.405797	14	6	8	100	100	0	147	0	28	18	33	0	6	0	0	0	0	6	26439	0	0	1.51515	0	18
50	221	15	74	31	29	23	0	74	45	8	15	6	1.55172	0.347826	0	0	0	29	0.42029	0.333333	14	4	10	100	100	0	110	0	16	15	27	0	5	0	0	0	0	5	26443	0	0	1.51852	0	15
10	248	17	85	35	31	27	0	85	54	8	17	6	1.74194	0.296296	0	0	0	29	0.449275	0.391304	14	4	10	100	100	0	129	0	21	17	31	0	6	0	0	0	0	6	26447	0	0	1.51613	0	17
1	266	18	91	37	26	28	0	91	65	9	14	4	2.5	0.321429	0	0	0	29	0.376812	0.405797	14	6	8	100	100	0	147	0	28	18	33	0	6	0	0	0	0	6	26451	0	0	1.51515	0	18
1	266	18	91	37	26	28	0	91	65	9	14	4	2.5	0.321429	0	0	0	29	0.376812	0.405797	14	6	8	100	100	0	147	0	28	18	33	0	6	0	0	0	0	6	26455	0	0	1.51515	0	18
2	248	17	85	35	31	27	0	85	54	8	17	6	1.74194	0.296296	0	0	0	29	0.449275	0.391304	14	4	10	100	100	0	129	0	21	17	31	0	6	0	0	0	0	6	26459	0	0	1.51613	0	17
3444	187	12	60	26	24	20	0	60	36	6	11	5	1.5	0.3	0	0	0	29	0.347826	0.289855	14	4	10	100	100	0	87	0	11	12	21	0	4	0	0	0	0	4	26471	0	0	1.57143	0	13
8768	157	11	46	22	21	17	0	46	25	5	11	4	1.19048	0.294118	0	0	0	29	0.304348	0.246377	10	2	8	100	100	0	71	0	10	11	19	0	4	0	0	0	0	4	26475	0	0	1.57895	0	12
30590	133	8	36	21	19	17	0	36	17	4	9	3	0.894737	0.235294	0	0	0	29	0.275362	0.246377	8	2	6	100	100	0	57	0	9	8	14	0	3	0	0	0	0	3	26478	0	0	1.57143	0	9
4.01525e+06	53	1	6	9	3	8	0	6	3	1	1	1	1	0.125	0	0	0	29	0.0434783	0.115942	2	2	0	100	100	0	10	0	1	1	3	0	1	0	0	0	0	1	27044	0	0	1.66667	0	3
16605	18	1	2	4	2	4	0	2	0	0	0	0	0	0	0	0	0	8	0.0909091	0.181818	0	0	0	0	0	0	3	0	0	1	3	0	0	0	0	0	0	0	27045	0	0	1	0	1
35313	79	5	28	10	13	9	0	28	15	1	6	1	1.15385	0.111111	0	0	0	8	0.590909	0.409091	6	1	5	-1	10000000000	0	39	0	5	5	10	0	2	0	0	0	0	2	27046	0	0	1.2	0	3
76139	75	5	26	10	12	9	0	26	14	1	7	1	1.16667	0.111111	0	0	0	8	0.545455	0.409091	5	1	4	-1	10000000000	0	37	0	5	5	10	0	2	0	0	0	0	2	27047	0	0	1.2	0	3
12586	67	4	22	10	10	9	0	22	12	1	5	1	1.2	0.111111	0	0	0	8	0.454545	0.409091	4	1	3	-1	10000000000	0	32	0	5	4	9	0	2	0	0	0	0	2	27048	0	0	1.22222	0	3
27138	63	4	20	10	9	9	0	20	11	1	6	1	1.22222	0.111111	0	0	0	8	0.409091	0.409091	3	1	2	-1	10000000000	0	30	0	5	4	9	0	2	0	0	0	0	2	27049	0	0	1.22222	0	3
2803	88	6	31	11	13	9	0	31	18	2	6	2	1.38462	0.222222	0	0	0	8	0.590909	0.409091	6	1	5	-1	10000000000	0	44	0	6	6	13	0	3	0	0	0	0	3	27050	0	0	1.30769	0	5
19288	84	6	29	11	12	9	0	29	17	2	7	1	1.41667	0.222222	0	0	0	8	0.545455	0.409091	5	1	4	-1	10000000000	0	42	0	6	6	13	0	3	0	0	0	0	3	27051	0	0	1.30769	0	5
117	76	5	25	11	10	9	0	25	15	2	5	2	1.5	0.222222	0	0	0	8	0.454545	0.409091	4	1	3	-1	10000000000	0	37	0	6	5	12	0	3	0	0	0	0	3	27052	0	0	1.33333	0	5
807	72	5	23	11	9	9	0	23	14	2	6	1	1.55556	0.222222	0	0	0	8	0.409091	0.409091	3	1	2	-1	10000000000	0	35	0	6	5	12	0	3	0	0	0	0	3	27053	0	0	1.33333	0	5
20374	39	4	10	6	3	5	0	10	7	1	3	1	2.33333	0.2	0	0	0	8	0.136364	0.227273	0	0	0	0	0	0	17	0	3	4	8	0	2	0	0	0	0	2	27054	0	0	1.375	0	4
535696	79	5	28	10	13	9	0	28	15	1	6	1	1.15385	0.111111	0	0	0	8	0.590909	0.409091	6	1	5	-1	10000000000	0	39	0	5	5	10	0	2	0	0	0	0	2	27055	0	0	1.3	0	4
3.68517e+06	75	5	26	10	12	9	0	26	14	1	7	1	1.16667	0.111111	0	0	0	8	0.545455	0.409091	5	1	4	-1	10000000000	0	37	0	5	5	10	0	2	0	0	0	0	2	27056	0	0	1.3	0	4
22419	67	4	22	10	10	9	0	22	12	1	5	1	1.2	0.111111	0	0	0	8	0.454545	0.409091	4	1	3	-1	10000000000	0	32	0	5	4	9	0	2	0	0	0	0	2	27057	0	0	1.33333	0	4
154231	63	4	20	10	9	9	0	20	11	1	6	1	1.22222	0.111111	0	0	0	8	0.409091	0.409091	3	1	2	-1	10000000000	0	30	0	5	4	9	0	2	0	0	0	0	2	27058	0	0	1.33333	0	4
3.89262e+06	30	3	7	5	3	5	0	7	4	0	2	0	1.33333	0	0	0	0	8	0.136364	0.227273	0	0	0	0	0	0	12	0	2	3	5	0	1	0	0	0	0	1	27059	0	0	1.4	0	3
2	25	2	7	5	5	5	0	7	2	0	2	0	0.4	0	2	2.5	0	5	1	1	0	0	0	0	0	0	5	0	0	2	4	1	0	0	0	0	0	0	27064	0	0	1.25	0	2
1	55	2	7	22	5	21	0	7	2	1	1	1	0.4	0.047619	5	2	0	10	0.0549451	0.230769	2	1	1	-1	10000000000	0	6	0	0	2	5	0	1	0	0	0	0	1	27068	0	0	1.2	0	2
10	15	1	4	3	2	3	0	4	2	0	2	0	1	0	2	2	0	2	0.4	0.6	1	1	0	-1	10000000000	0	2	0	0	1	2	0	0	0	0	0	0	0	22202205	0	0	0.5	0	0
4	16	1	2	3	2	3	0	2	0	0	0	0	0	0	1	1	0	7	0.1	0.15	0	0	0	0	0	0	1	0	0	1	2	1	0	0	0	0	0	0	22202265	0	0	1	0	1
3	30	1	8	5	5	5	0	8	3	0	2	0	0.6	0	4	1	0	5	0.454545	0.454545	2	1	1	-1	10000000000	0	4	0	1	1	3	1	0	0	0	0	0	0	22202266	0	0	1	0	1
1	31	2	10	5	6	5	0	10	4	0	2	0	0.666667	0	1	2	1	5	0.545455	0.454545	3	1	2	-1	10000000000	0	2	0	0	2	5	2	1	0	0	0	0	1	22202270	0	0	1.2	0	2
0	79	4	31	10	17	10	0	31	14	0	3	0	0.823529	0	1	5	0	11	0.62963	0.37037	13	2	11	-1	10000000000	0	17	0	0	4	8	0	1	0	0	0	0	1	2	0	0	1.375	0	4
0	81	4	31	10	17	10	0	31	14	0	3	0	0.823529	0	2	3	0	11	0.62963	0.37037	13	2	11	-1	10000000000	0	17	0	0	4	9	0	1	0	0	0	0	1	4	0	0	1.33333	0	4
0	73	3	28	10	16	9	0	28	12	1	3	1	0.75	0.111111	1	5	0	11	0.592593	0.333333	11	1	10	-1	10000000000	0	16	0	1	3	7	0	1	0	0	0	0	1	5	0	0	1.14286	0	2
0	67	3	26	9	15	9	0	26	11	0	2	0	0.733333	0	1	5	0	11	0.555556	0.333333	11	1	10	-1	10000000000	0	12	0	0	3	6	0	1	0	0	0	0	1	6	0	0	1.5	0	4
0	69	3	26	9	15	9	0	26	11	0	2	0	0.733333	0	2	3	0	11	0.555556	0.333333	11	1	10	-1	10000000000	0	12	0	0	3	7	0	1	0	0	0	0	1	7	0	0	1.42857	0	4
0	153	11	58	17	23	13	2	56	35	4	11	2	1.52174	0.307692	4	4.75	0	11	0.851852	0.481481	14	2	11	-1	10000000000	4	56	1	7	12	22	0	1	0	0	0	0	1	11	0	0	1.45455	0	11
0	155	11	58	17	23	13	2	56	35	4	11	2	1.52174	0.307692	5	4	0	11	0.851852	0.481481	14	2	11	-1	10000000000	4	56	1	7	12	23	0	1	0	0	0	0	1	15	0	0	1.43478	0	11
0	147	10	55	17	22	12	2	53	33	5	11	2	1.5	0.416667	4	4.75	0	11	0.814815	0.444444	12	1	10	-1	10000000000	4	55	1	8	11	21	0	1	0	0	0	0	1	18	0	0	1.38095	0	9
0	141	10	53	16	22	12	2	51	31	4	10	2	1.40909	0.333333	4	4.75	0	11	0.814815	0.444444	12	1	10	-1	10000000000	4	51	1	7	11	20	0	1	0	0	0	0	1	21	0	0	1.5	0	11
0	143	10	53	16	22	12	2	51	31	4	10	2	1.40909	0.333333	5	4	0	11	0.814815	0.444444	12	1	10	-1	10000000000	4	51	1	7	11	21	0	1	0	0	0	0	1	24	0	0	1.47619	0	11
0	150	11	57	17	23	13	1	56	34	4	10	2	1.47826	0.307692	3	5.66667	0	11	0.851852	0.481481	14	2	11	-1	10000000000	4	55	1	7	12	21	0	1	0	0	0	0	1	28	0	0	1.47619	0	11
0	152	11	57	17	23	13	1	56	34	4	10	2	1.47826	0.307692	4	4.5	0	11	0.851852	0.481481	14	2	11	-1	10000000000	4	55	1	7	12	22	0	1	0	0	0	0	1	32	0	0	1.45455	0	11
0	144	10	54	17	22	12	1	53	32	5	10	2	1.45455	0.416667	3	5.66667	0	11	0.814815	0.444444	12	1	10	-1	10000000000	4	54	1	8	11	20	0	1	0	0	0	0	1	35	0	0	1.4	0	9
0	138	10	52	16	22	12	1	51	30	4	9	2	1.36364	0.333333	3	5.66667	0	11	0.814815	0.444444	12	1	10	-1	10000000000	4	50	1	7	11	19	0	1	0	0	0	0	1	38	0	0	1.52632	0	11
0	140	10	52	16	22	12	1	51	30	4	9	2	1.36364	0.333333	4	4.5	0	11	0.814815	0.444444	12	1	10	-1	10000000000	4	50	1	7	11	20	0	1	0	0	0	0	1	41	0	0	1.5	0	11
0	136	10	49	17	21	13	1	48	28	4	9	2	1.33333	0.307692	2	6	0	11	0.777778	0.481481	12	2	9	-1	10000000000	4	51	1	7	11	19	0	1	0	0	0	0	1	45	0	0	1.47368	0	10
0	138	10	49	17	21	13	1	48	28	4	9	2	1.33333	0.307692	3	4.33333	0	11	0.777778	0.481481	12	2	9	-1	10000000000	4	51	1	7	11	20	0	1	0	0	0	0	1	49	0	0	1.45	0	10
0	130	9	46	17	20	12	1	45	26	5	9	2	1.3	0.416667	2	6	0	11	0.740741	0.444444	10	1	8	-1	10000000000	4	50	1	8	10	18	0	1	0	0	0	0	1	52	0	0	1.38889	0	8
0	124	9	44	16	20	12	1	43	24	4	8	2	1.2	0.333333	2	6	0	11	0.740741	0.444444	10	1	8	-1	10000000000	4	46	1	7	10	17	0	1	0	0	0	0	1	55	0	0	1.52941	0	10
0	126	9	44	16	20	12	1	43	24	4	8	2	1.2	0.333333	3	4.33333	0	11	0.740741	0.444444	10	1	8	-1	10000000000	4	46	1	7	10	18	0	1	0	0	0	0	1	58	0	0	1.5	0	10
0	154	11	59	17	23	13	2	57	36	4	11	2	1.56522	0.307692	4	4.75	0	11	0.851852	0.481481	14	2	11	-1	10000000000	4	57	1	7	12	22	0	1	0	0	0	0	1	62	0	0	1.45455	0	11
0	156	11	59	17	23	13	2	57	36	4	11	2	1.56522	0.307692	5	4	0	11	0.851852	0.481481	14	2	11	-1	10000000000	4	57	1	7	12	23	0	1	0	0	0	0	1	66	0	0	1.43478	0	11
0	148	10	56	17	22	12	2	54	34	5	11	2	1.54545	0.416667	4	4.75	0	11	0.814815	0.444444	12	1	10	-1	10000000000	4	56	1	8	11	21	0	1	0	0	0	0	1	69	0	0	1.38095	0	9
0	142	10	54	16	22	12	2	52	32	4	10	2	1.45455	0.333333	4	4.75	0	11	0.814815	0.444444	12	1	10	-1	10000000000	4	52	1	7	11	20	0	1	0	0	0	0	1	72	0	0	1.5	0	11
0	144	10	54	16	22	12	2	52	32	4	10	2	1.45455	0.333333	5	4	0	11	0.814815	0.444444	12	1	10	-1	10000000000	4	52	1	7	11	21	0	1	0	0	0	0	1	75	0	0	1.47619	0	11
0	56	2	6	10	4	9	1	5	2	1	1	1	0.5	0.111111	1	2	0	28	0.0344828	0.0775862	1	1	0	256	256	0	9	0	1	2	6	0	1	0	0	0	0	1	1111	0	0	1.16667	0	2
0	166	3	44	23	17	17	1	43	27	6	5	2	1.58824	0.352941	1	2	0	28	0.146552	0.146552	13	8	9	256	256	0	80	0	12	16	8	0	2	0	0	0	0	2	1111	0	0	1.25	0	3
0	92	4	18	14	11	11	1	17	7	3	3	2	0.636364	0.272727	1	2	0	28	0.0948276	0.0948276	4	2	3	256	256	0	31	0	3	8	10	0	3	0	0	0	0	3	1111	0	0	1.3	0	4
0	92	5	19	14	8	11	1	18	11	3	3	1	1.375	0.272727	1	2	0	28	0.0689655	0.0948276	4	2	2	256	256	0	29	0	4	6	12	0	4	0	0	0	0	4	1111	0	0	1.33333	0	5
0	97	7	19	14	9	10	2	17	10	4	4	1	1.11111	0.4	2	2	0	28	0.0775862	0.0862069	3	1	3	256	256	0	31	0	4	8	16	0	5	0	0	0	0	5	1111	0	0	1.375	0	7
0	232	8	69	31	19	18	2	67	50	13	9	3	2.63158	0.722222	2	2	0	28	0.163793	0.155172	18	8	10	256	256	0	117	0	13	22	18	0	6	0	0	0	0	6	1111	0	0	1.38889	0	8
0	134	9	31	19	13	12	2	29	18	7	8	3	1.38462	0.583333	2	2	0	28	0.112069	0.103448	6	2	4	256	256	0	53	0	4	14	20	0	7	0	0	0	0	7	1111	0	0	1.4	0	9
0	116	10	22	18	7	12	2	20	15	6	5	1	2.14286	0.5	2	2	0	28	0.0603448	0.103448	4	2	2	256	256	0	40	0	3	12	22	0	8	0	0	0	0	8	1111	0	0	1.40909	0	10
0	112	11	20	17	8	11	2	18	12	6	6	2	1.5	0.545455	2	2	0	28	0.0689655	0.0948276	2	0	2	256	256	0	38	0	4	13	23	0	9	0	0	0	0	9	1111	0	0	1.43478	0	11
0	200	14	53	25	19	14	2	51	34	11	9	3	1.78947	0.785714	2	2	0	28	0.163793	0.12069	12	2	10	256	256	0	95	0	15	20	32	0	12	0	0	0	0	12	1111	0	0	1.4375	0	15
0	190	14	50	23	19	13	2	48	31	10	9	3	1.63158	0.769231	2	2	0	28	0.163793	0.112069	11	1	10	256	256	0	90	0	14	20	30	0	12	0	0	0	0	12	1111	0	0	1.43333	0	14
0	181	13	45	23	18	13	2	43	27	10	9	3	1.5	0.769231	2	2	0	28	0.155172	0.112069	10	1	9	256	256	0	81	0	12	19	31	0	12	0	0	0	0	12	1111	0	0	1.45161	0	15
0	126	13	24	19	8	11	2	22	16	8	6	2	2	0.727273	2	2	0	28	0.0689655	0.0948276	2	0	2	256	256	0	45	0	5	15	28	0	11	0	0	0	0	11	1112	0	0	1.42857	0	13
0	172	17	39	26	15	15	2	37	24	11	10	3	1.6	0.733333	2	2	0	28	0.12931	0.12931	5	1	5	256	256	0	70	0	7	22	37	0	13	0	0	0	0	13	1115	0	0	1.43243	0	17
0	213	20	62	27	23	16	3	59	39	11	14	4	1.69565	0.6875	4	4.5	0	28	0.198276	0.137931	6	0	6	256	256	0	98	0	13	26	40	0	13	0	0	0	0	13	1118	0	0	1.425	0	18
0	226	20	66	29	24	17	3	63	42	12	14	4	1.75	0.705882	4	4.5	0	28	0.206897	0.146552	7	1	7	256	256	0	104	0	14	27	43	0	13	0	0	0	0	13	1121	0	0	1.4186	0	19
0	203	20	56	27	23	16	2	54	33	11	13	4	1.43478	0.6875	3	4	0	28	0.198276	0.137931	6	0	6	256	256	0	90	0	11	26	39	0	13	0	0	0	0	13	1124	0	0	1.4359	0	18
0	216	20	60	29	24	17	2	58	36	12	13	4	1.5	0.705882	3	4	0	28	0.206897	0.146552	7	1	7	256	256	0	96	0	12	27	42	0	13	0	0	0	0	13	1127	0	0	1.42857	0	19
0	193	18	47	28	19	17	2	45	28	11	10	3	1.47368	0.647059	2	2	0	28	0.163793	0.146552	7	1	7	256	256	0	83	0	9	25	39	0	13	0	0	0	0	13	1130	0	0	1.4359	0	18
0	151	16	31	24	11	13	2	29	20	11	7	3	1.81818	0.846154	2	2	0	28	0.0948276	0.112069	3	0	3	256	256	0	57	0	6	18	35	0	13	0	0	0	0	13	1132	0	0	1.42857	0	16
0	188	17	42	27	15	15	2	40	27	12	9	3	1.8	0.8	3	1.66667	0	28	0.12931	0.12931	8	2	6	256	256	0	80	0	10	23	38	0	14	0	0	0	0	14	1134	0	0	1.42105	0	17
0	203	20	49	29	21	15	2	47	28	14	9	4	1.33333	0.933333	3	1.66667	0	28	0.181034	0.12931	9	0	9	256	256	0	86	0	8	24	43	0	15	0	0	0	0	15	1137	0	0	1.44186	0	20
0	215	20	53	31	22	17	2	51	31	14	11	4	1.40909	0.823529	3	1.66667	0	28	0.189655	0.146552	11	2	10	256	256	0	92	0	9	24	44	0	15	0	0	0	0	15	1140	0	0	1.43182	0	20
0	198	20	47	28	21	15	2	45	26	13	9	3	1.2381	0.866667	3	1.66667	0	28	0.181034	0.12931	9	0	9	256	256	0	83	0	7	24	42	0	15	0	0	0	0	15	1143	0	0	1.45238	0	20
0	210	20	51	30	22	17	2	49	29	13	11	3	1.31818	0.764706	3	1.66667	0	28	0.189655	0.146552	11	2	10	256	256	0	89	0	8	24	43	0	15	0	0	0	0	15	1146	0	0	1.44186	0	20
0	111	4	28	17	16	15	0	28	12	2	4	1	0.75	0.133333	1	8	0	39	0.108108	0.101351	6	3	3	100	3	0	36	0	3	4	7	0	1	0	0	0	0	1	2363	0	0	1.71429	0	6
13402	110	4	28	17	16	15	0	28	12	2	4	1	0.75	0.133333	1	8	0	39	0.108108	0.101351	6	3	3	100	3	0	36	0	3	4	6	0	1	0	0	0	0	1	2363	0	0	1.66667	0	5
0	114	5	29	17	16	15	0	29	13	2	5	1	0.8125	0.133333	1	8	0	39	0.108108	0.101351	6	3	3	100	3	0	38	0	3	5	8	0	1	0	0	0	0	1	2363	0	0	1.625	0	6
0	113	5	29	17	16	15	0	29	13	2	5	1	0.8125	0.133333	1	8	0	39	0.108108	0.101351	6	3	3	100	3	0	38	0	3	5	7	0	1	0	0	0	0	1	2363	0	0	1.57143	0	5
0	186	8	55	26	22	23	0	55	33	3	8	1	1.5	0.130435	1	3	0	39	0.148649	0.155405	15	6	9	100	3	0	84	0	9	9	16	0	4	0	0	0	0	4	2363	0	0	1.625	0	11
0	224	10	73	32	29	27	0	73	44	5	13	4	1.51724	0.185185	1	3	0	39	0.195946	0.182432	16	5	11	100	3	0	107	0	14	11	20	0	5	0	0	0	0	5	2363	0	0	1.6	0	13
0	251	12	84	36	31	31	0	84	53	5	15	4	1.70968	0.16129	1	3	0	39	0.209459	0.209459	16	5	11	100	3	0	126	0	19	13	24	0	6	0	0	0	0	6	2363	0	0	1.58333	0	15
0	456	15	145	80	68	67	0	145	77	13	15	6	1.13235	0.19403	1	3	0	39	0.459459	0.452703	87	39	48	100	3	0	214	0	34	16	30	0	6	0	0	0	0	6	2363	0	0	1.56667	0	18
0	425	15	136	71	61	60	0	136	75	11	14	5	1.22951	0.183333	1	3	0	39	0.412162	0.405405	75	33	42	100	3	0	205	0	34	16	29	0	6	0	0	0	0	6	2363	0	0	1.58621	0	18
0	425	15	136	71	61	60	0	136	75	11	14	5	1.22951	0.183333	1	3	0	39	0.412162	0.405405	75	33	42	100	3	0	205	0	34	16	29	0	6	0	0	0	0	6	2363	0	0	1.58621	0	18
0	394	15	127	62	54	53	0	127	73	9	13	4	1.35185	0.169811	1	3	0	39	0.364865	0.358108	63	27	36	100	3	0	196	0	34	16	28	0	6	0	0	0	0	6	2363	0	0	1.60714	0	18
0	425	15	136	71	61	60	0	136	75	11	14	5	1.22951	0.183333	1	3	0	39	0.412162	0.405405	75	33	42	100	3	0	205	0	34	16	29	0	6	0	0	0	0	6	2363	0	0	1.58621	0	18
0	394	15	127	62	54	53	0	127	73	9	13	4	1.35185	0.169811	1	3	0	39	0.364865	0.358108	63	27	36	100	3	0	196	0	34	16	28	0	6	0	0	0	0	6	2363	0	0	1.60714	0	18
0	394	15	127	62	54	53	0	127	73	9	13	4	1.35185	0.169811	1	3	0	39	0.364865	0.358108	63	27	36	100	3	0	196	0	34	16	28	0	6	0	0	0	0	6	2363	0	0	1.60714	0	18
0	363	15	118	53	47	46	0	118	71	7	12	3	1.51064	0.152174	1	3	0	39	0.317568	0.310811	51	21	30	100	3	0	187	0	34	16	27	0	6	0	0	0	0	6	2363	0	0	1.62963	0	18
0	251	12	84	36	31	31	0	84	53	5	15	4	1.70968	0.16129	1	3	0	39	0.209459	0.209459	16	5	11	100	3	0	126	0	19	13	24	0	6	0	0	0	0	6	2363	0	0	1.58333	0	15
0	456	15	145	80	68	67	0	145	77	13	15	6	1.13235	0.19403	1	3	0	39	0.459459	0.452703	87	39	48	100	3	0	214	0	34	16	30	0	6	0	0	0	0	6	2363	0	0	1.56667	0	18
0	425	15	136	71	61	60	0	136	75	11	14	5	1.22951	0.183333	1	3	0	39	0.412162	0.405405	75	33	42	100	3	0	205	0	34	16	29	0	6	0	0	0	0	6	2363	0	0	1.58621	0	18
0	425	15	136	71	61	60	0	136	75	11	14	5	1.22951	0.183333	1	3	0	39	0.412162	0.405405	75	33	42	100	3	0	205	0	34	16	29	0	6	0	0	0	0	6	2363	0	0	1.58621	0	18
0	394	15	127	62	54	53	0	127	73	9	13	4	1.35185	0.169811	1	3	0	39	0.364865	0.358108	63	27	36	100	3	0	196	0	34	16	28	0	6	0	0	0	0	6	2363	0	0	1.60714	0	18
0	425	15	136	71	61	60	0	136	75	11	14	5	1.22951	0.183333	1	3	0	39	0.412162	0.405405	75	33	42	100	3	0	205	0	34	16	29	0	6	0	0	0	0	6	2363	0	0	1.58621	0	18
0	394	15	127	62	54	53	0	127	73	9	13	4	1.35185	0.169811	1	3	0	39	0.364865	0.358108	63	27	36	100	3	0	196	0	34	16	28	0	6	0	0	0	0	6	2363	0	0	1.60714	0	18
0	394	15	127	62	54	53	0	127	73	9	13	4	1.35185	0.169811	1	3	0	39	0.364865	0.358108	63	27	36	100	3	0	196	0	34	16	28	0	6	0	0	0	0	6	2363	0	0	1.60714	0	18
0	363	15	118	53	47	46	0	118	71	7	12	3	1.51064	0.152174	1	3	0	39	0.317568	0.310811	51	21	30	100	3	0	187	0	34	16	27	0	6	0	0	0	0	6	2363	0	0	1.62963	0	18
0	224	10	73	32	29	27	0	73	44	5	13	4	1.51724	0.185185	1	3	0	39	0.195946	0.182432	16	5	11	100	3	0	107	0	14	11	20	0	5	0	0	0	0	5	2363	0	0	1.6	0	13
0	251	12	84	36	31	31	0	84	53	5	15	4	1.70968	0.16129	1	3	0	39	0.209459	0.209459	16	5	11	100	3	0	126	0	19	13	24	0	6	0	0	0	0	6	2363	0	0	1.58333	0	15
1	181	8	54	24	24	21	0	54	30	3	9	2	1.25	0.142857	1	3	0	39	0.162162	0.141892	14	3	11	100	3	0	82	0	10	9	14	0	4	0	0	0	0	4	2405	0	0	1.64286	0	10
24	197	6	63	28	28	24	0	63	35	4	8	3	1.25	0.166667	1	3	0	39	0.189189	0.162162	18	5	13	100	3	0	90	0	11	7	10	0	3	0	0	0	0	3	2406	0	0	1.6	0	7
1	211	9	68	28	27	24	0	68	41	4	9	3	1.51852	0.166667	1	3	0	39	0.182432	0.162162	18	5	13	100	3	0	98	0	11	10	16	0	4	0	0	0	0	4	2446	0	0	1.625	0	11
5	224	9	74	29	30	24	0	74	44	5	11	4	1.46667	0.208333	1	3	0	39	0.202703	0.162162	20	5	15	100	3	0	107	0	13	10	15	0	4	0	0	0	0	4	2448	0	0	1.6	0	10
1	266	14	91	34	34	27	0	91	57	7	14	5	1.67647	0.259259	1	3	0	39	0.22973	0.182432	20	5	15	100	3	0	135	0	18	15	24	0	5	0	0	0	0	5	2452	0	0	1.5	0	13
9	232	11	77	29	29	24	0	77	48	5	10	4	1.65517	0.208333	1	3	0	39	0.195946	0.162162	20	5	15	100	3	0	112	0	13	12	18	0	4	0	0	0	0	4	2528	0	0	1.55556	0	11
21	202	10	63	25	26	21	0	63	37	4	10	3	1.42308	0.190476	1	3	0	39	0.175676	0.141892	16	3	13	100	3	0	96	0	12	11	16	0	4	0	0	0	0	4	2530	0	0	1.5625	0	10
65	175	7	52	24	24	21	0	52	28	3	8	2	1.16667	0.142857	1	3	0	39	0.162162	0.141892	14	3	11	100	3	0	79	0	10	8	11	0	3	0	0	0	0	3	2531	0	0	1.54545	0	7
13143	71	1	8	13	4	12	0	8	4	1	1	1	1	0.0833333	0	0	0	39	0.027027	0.0810811	3	3	0	100	3	0	13	0	1	1	3	0	1	0	0	0	0	1	2699	0	0	2	0	4
162	32	1	3	9	3	9	0	3	0	0	0	0	0	0	0	0	0	14	0.09375	0.28125	0	0	0	0	0	0	6	0	2	1	3	0	0	0	0	0	0	0	2699	0	0	1.33333	0	2
16049	43	2	7	11	5	10	0	7	2	1	2	1	0.4	0.1	0	0	0	14	0.15625	0.3125	1	0	1	-1	10000000000	0	13	0	3	2	4	0	1	0	0	0	0	1	2699	0	0	1	0	1
875	66	4	15	14	8	12	0	15	7	2	4	1	0.875	0.166667	0	0	0	14	0.25	0.375	2	0	2	-1	10000000000	0	26	0	5	4	10	0	3	0	0	0	0	3	2699	0	0	1.4	0	5
346	131	7	47	20	19	16	0	47	28	4	10	3	1.47368	0.25	1	6	0	14	0.59375	0.5	7	2	5	-1	10000000000	0	67	0	13	7	15	0	4	0	0	0	0	4	2700	0	0	1.4	0	7
41	196	10	79	26	22	18	0	79	57	8	14	4	2.59091	0.444444	2	6	0	14	0.6875	0.5625	12	4	8	-1	10000000000	0	108	0	21	10	20	0	5	0	0	0	0	5	2702	0	0	1.4	0	9
0	257	13	110	31	26	20	0	110	84	11	14	4	3.23077	0.55	3	6	0	14	0.8125	0.625	17	6	11	-1	10000000000	0	146	0	28	13	24	0	6	0	0	0	0	6	2705	0	0	1.41667	0	11
11	256	13	110	31	26	20	0	110	84	11	14	4	3.23077	0.55	3	6	0	14	0.8125	0.625	17	6	11	-1	10000000000	0	146	0	28	13	23	0	6	0	0	0	0	6	2708	0	0	1.34783	0	9
55	242	12	104	29	25	19	0	104	79	10	14	4	3.16	0.526316	3	6	0	14	0.78125	0.59375	16	5	11	-1	10000000000	0	139	0	27	12	21	0	6	0	0	0	0	6	2711	0	0	1.33333	0	8
0	233	12	99	29	25	19	0	99	74	10	14	4	2.96	0.526316	3	6	0	14	0.78125	0.59375	15	5	10	-1	10000000000	0	130	0	24	12	22	0	6	0	0	0	0	6	2714	0	0	1.45455	0	11
44	232	12	99	29	25	19	0	99	74	10	14	4	2.96	0.526316	3	6	0	14	0.78125	0.59375	15	5	10	-1	10000000000	0	130	0	24	12	21	0	6	0	0	0	0	6	2717	0	0	1.38095	0	9
422	177	9	72	23	22	17	0	72	50	6	14	4	2.27273	0.352941	2	6	0	14	0.6875	0.53125	11	3	8	-1	10000000000	0	98	0	19	9	16	0	5	0	0	0	0	5	2719	0	0	1.3125	0	6
124	172	9	68	24	21	17	0	68	47	7	14	4	2.2381	0.411765	2	6	0	14	0.65625	0.53125	10	3	7	-1	10000000000	0	92	0	17	9	18	0	5	0	0	0	0	5	2721	0	0	1.44444	0	9
0	233	12	99	29	25	19	0	99	74	10	14	4	2.96	0.526316	3	6	0	14	0.78125	0.59375	15	5	10	-1	10000000000	0	130	0	24	12	22	0	6	0	0	0	0	6	2724	0	0	1.45455	0	11
35	232	12	99	29	25	19	0	99	74	10	14	4	2.96	0.526316	3	6	0	14	0.78125	0.59375	15	5	10	-1	10000000000	0	130	0	24	12	21	0	6	0	0	0	0	6	2727	0	0	1.38095	0	9
166	218	11	93	27	24	18	0	93	69	9	14	4	2.875	0.5	3	6	0	14	0.75	0.5625	14	4	10	-1	10000000000	0	123	0	23	11	19	0	6	0	0	0	0	6	2730	0	0	1.36842	0	8
0	209	11	88	27	24	18	0	88	64	9	14	4	2.66667	0.5	3	6	0	14	0.75	0.5625	13	4	9	-1	10000000000	0	114	0	20	11	20	0	6	0	0	0	0	6	2733	0	0	1.5	0	11
133	208	11	88	27	24	18	0	88	64	9	14	4	2.66667	0.5	3	6	0	14	0.75	0.5625	13	4	9	-1	10000000000	0	114	0	20	11	19	0	6	0	0	0	0	6	2736	0	0	1.42105	0	9
1459	112	6	40	17	19	15	0	40	21	2	9	2	1.10526	0.133333	1	6	0	14	0.59375	0.46875	6	1	5	-1	10000000000	0	57	0	11	6	11	0	4	0	0	0	0	4	2737	0	0	1.27273	0	4
704	107	6	36	18	18	15	0	36	18	3	10	2	1	0.2	1	6	0	14	0.5625	0.46875	5	1	4	-1	10000000000	0	51	0	9	6	13	0	4	0	0	0	0	4	2738	0	0	1.46154	0	7
84	172	9	68	24	21	17	0	68	47	7	14	4	2.2381	0.411765	2	6	0	14	0.65625	0.53125	10	3	7	-1	10000000000	0	92	0	17	9	18	0	5	0	0	0	0	5	2740	0	0	1.44444	0	9
0	233	12	99	29	25	19	0	99	74	10	14	4	2.96	0.526316	3	6	0	14	0.78125	0.59375	15	5	10	-1	10000000000	0	130	0	24	12	22	0	6	0	0	0	0	6	2743	0	0	1.45455	0	11
23	232	12	99	29	25	19	0	99	74	10	14	4	2.96	0.526316	3	6	0	14	0.78125	0.59375	15	5	10	-1	10000000000	0	130	0	24	12	21	0	6	0	0	0	0	6	2746	0	0	1.38095	0	9
112	218	11	93	27	24	18	0	93	69	9	14	4	2.875	0.5	3	6	0	14	0.75	0.5625	14	4	10	-1	10000000000	0	123	0	23	11	19	0	6	0	0	0	0	6	2749	0	0	1.36842	0	8
0	209	11	88	27	24	18	0	88	64	9	14	4	2.66667	0.5	3	6	0	14	0.75	0.5625	13	4	9	-1	10000000000	0	114	0	20	11	20	0	6	0	0	0	0	6	2752	0	0	1.5	0	11
90	208	11	88	27	24	18	0	88	64	9	14	4	2.66667	0.5	3	6	0	14	0.75	0.5625	13	4	9	-1	10000000000	0	114	0	20	11	19	0	6	0	0	0	0	6	2755	0	0	1.42105	0	9
856	153	8	61	21	21	16	0	61	40	5	14	4	1.90476	0.3125	2	6	0	14	0.65625	0.5	9	2	7	-1	10000000000	0	82	0	15	8	14	0	5	0	0	0	0	5	2757	0	0	1.35714	0	6
252	148	8	57	22	20	16	0	57	37	6	14	4	1.85	0.375	2	6	0	14	0.625	0.5	8	2	6	-1	10000000000	0	76	0	13	8	16	0	5	0	0	0	0	5	2759	0	0	1.5	0	9
0	209	11	88	27	24	18	0	88	64	9	14	4	2.66667	0.5	3	6	0	14	0.75	0.5625	13	4	9	-1	10000000000	0	114	0	20	11	20	0	6	0	0	0	0	6	2762	0	0	1.5	0	11
71	208	11	88	27	24	18	0	88	64	9	14	4	2.66667	0.5	3	6	0	14	0.75	0.5625	13	4	9	-1	10000000000	0	114	0	20	11	19	0	6	0	0	0	0	6	2765	0	0	1.42105	0	9
338	194	10	82	25	23	17	0	82	59	8	14	4	2.56522	0.470588	3	6	0	14	0.71875	0.53125	12	3	9	-1	10000000000	0	107	0	19	10	17	0	6	0	0	0	0	6	2768	0	0	1.41176	0	8
0	185	10	77	25	23	17	0	77	54	8	14	4	2.34783	0.470588	3	6	0	14	0.71875	0.53125	11	3	8	-1	10000000000	0	98	0	16	10	18	0	6	0	0	0	0	6	2771	0	0	1.55556	0	11
271	184	10	77	25	23	17	0	77	54	8	14	4	2.34783	0.470588	3	6	0	14	0.71875	0.53125	11	3	8	-1	10000000000	0	98	0	16	10	17	0	6	0	0	0	0	6	2774	0	0	1.47059	0	9
4469	47	3	8	11	5	10	0	8	3	1	2	1	0.6	0.1	0	0	0	14	0.15625	0.3125	1	0	1	-1	10000000000	0	15	0	3	3	6	0	2	0	0	0	0	2	2774	0	0	1.5	0	4
35	40	3	12	8	4	4	0	12	8	4	3	2	2	1	0	0	0	4	1	1	0	0	0	0	0	0	21	0	0	3	7	0	0	0	0	0	0	0	2774	0	0	1.28571	0	3
38	37	3	11	7	4	4	0	11	7	3	3	2	1.75	0.75	0	0	0	4	1	1	0	0	0	0	0	0	20	0	0	3	6	0	0	0	0	0	0	0	2774	0	0	1.33333	0	3
49	28	2	8	6	4	4	0	8	4	2	2	2	1	0.5	0	0	0	4	1	1	0	0	0	0	0	0	14	0	0	2	4	0	0	0	0	0	0	0	2774	0	0	1.25	0	2
42	33	3	9	5	3	3	0	9	6	2	3	1	2	0.666667	0	0	0	4	0.75	0.75	0	0	0	0	0	0	18	0	0	3	6	0	0	0	0	0	0	0	2774	0	0	1.33333	0	3
46	30	3	8	4	3	3	0	8	5	1	3	1	1.66667	0.333333	0	0	0	4	0.75	0.75	0	0	0	0	0	0	17	0	0	3	5	0	0	0	0	0	0	0	2774	0	0	1.4	0	3
58	21	2	5	3	3	3	0	5	2	0	1	0	0.666667	0	0	0	0	4	0.75	0.75	0	0	0	0	0	0	11	0	0	2	3	0	0	0	0	0	0	0	2774	0	0	1.33333	0	2
230387	47	2	11	9	8	9	0	11	3	0	3	0	0.375	0	0	0	0	12	0.115942	0.130435	2	0	2	-1	10000000000	0	19	0	0	2	3	0	0	0	0	0	0	0	2775	0	0	10	0	28
8274	71	3	21	13	10	9	0	21	11	4	5	4	1.1	0.444444	0	0	0	12	0.144928	0.130435	4	0	4	-1	10000000000	0	34	0	2	3	4	0	0	0	0	0	0	0	2777	0	0	7.75	0	28
695	95	4	31	17	12	9	0	31	19	8	5	4	1.58333	0.888889	0	0	0	12	0.173913	0.130435	6	0	6	-1	10000000000	0	49	0	4	4	5	0	0	0	0	0	0	0	2780	0	0	6.4	0	28
86	119	5	41	21	14	9	0	41	27	12	5	4	1.92857	1.33333	0	0	0	12	0.202899	0.130435	8	0	8	-1	10000000000	0	64	0	6	5	6	0	0	0	0	0	0	0	2784	0	0	5.5	0	28
80	143	6	51	25	16	9	0	51	35	16	5	4	2.1875	1.77778	0	0	0	12	0.231884	0.130435	10	0	10	-1	10000000000	0	79	0	8	6	7	0	0	0	0	0	0	0	2789	0	0	4.85714	0	28
52	167	7	61	29	18	9	0	61	43	20	5	4	2.38889	2.22222	0	0	0	12	0.26087	0.130435	12	0	12	-1	10000000000	0	94	0	10	7	8	0	0	0	0	0	0	0	2795	0	0	4.375	0	28
17	191	8	71	33	20	9	0	71	51	24	5	4	2.55	2.66667	0	0	0	12	0.289855	0.130435	14	0	14	-1	10000000000	0	109	0	12	8	9	0	0	0	0	0	0	0	2802	0	0	4	0	28
40	215	9	81	37	22	9	0	81	59	28	5	4	2.68182	3.11111	0	0	0	12	0.318841	0.130435	16	0	16	-1	10000000000	0	124	0	14	9	10	0	0	0	0	0	0	0	2810	0	0	3.7	0	28
17	239	10	91	41	24	9	0	91	67	32	5	4	2.79167	3.55556	0	0	0	12	0.347826	0.130435	18	0	18	-1	10000000000	0	139	0	16	10	11	0	0	0	0	0	0	0	2819	0	0	3.45455	0	28
14	263	11	101	45	26	9	0	101	75	36	5	4	2.88462	4	0	0	0	12	0.376812	0.130435	20	0	20	-1	10000000000	0	154	0	18	11	12	0	0	0	0	0	0	0	2829	0	0	3.25	0	28
5	287	12	111	49	28	9	0	111	83	40	5	4	2.96429	4.44444	0	0	0	12	0.405797	0.130435	22	0	22	-1	10000000000	0	169	0	20	12	13	0	0	0	0	0	0	0	2840	0	0	3.07692	0	28
11	311	13	121	53	30	9	0	121	91	44	5	4	3.03333	4.88889	0	0	0	12	0.434783	0.130435	24	0	24	-1	10000000000	0	184	0	22	13	14	0	0	0	0	0	0	0	2852	0	0	2.92857	0	28
9	339	14	132	58	33	10	0	132	99	48	5	4	3	4.8	0	0	0	12	0.478261	0.144928	26	0	26	-1	10000000000	0	201	0	25	14	16	0	1	0	0	0	0	1	2865	0	0	2.75	0	29
54	357	15	140	60	38	12	0	140	102	48	8	4	2.68421	4	0	0	0	12	0.550725	0.173913	28	0	28	-1	10000000000	0	212	0	25	15	17	0	1	0	0	0	0	1	2879	0	0	2.64706	0	29
7	381	16	150	64	40	12	0	150	110	52	6	4	2.75	4.33333	0	0	0	12	0.57971	0.173913	30	0	30	-1	10000000000	0	227	0	27	16	18	0	1	0	0	0	0	1	2894	0	0	2.55556	0	29
29	399	17	158	66	42	12	0	158	116	54	8	6	2.7619	4.5	0	0	0	12	0.608696	0.173913	32	0	32	-1	10000000000	0	238	0	27	17	19	0	1	0	0	0	0	1	2910	0	0	2.47368	0	29
7	423	18	168	70	44	12	0	168	124	58	8	6	2.81818	4.83333	0	0	0	12	0.637681	0.173913	34	0	34	-1	10000000000	0	253	0	29	18	20	0	1	0	0	0	0	1	2927	0	0	2.4	0	29
12	441	19	176	72	46	12	0	176	130	60	8	6	2.82609	5	0	0	0	12	0.666667	0.173913	36	0	36	-1	10000000000	0	264	0	29	19	21	0	1	0	0	0	0	1	2945	0	0	2.33333	0	29
0	465	20	186	76	48	12	0	186	138	64	8	6	2.875	5.33333	0	0	0	12	0.695652	0.173913	38	0	38	-1	10000000000	0	279	0	31	20	22	0	1	0	0	0	0	1	2964	0	0	2.27273	0	29
4	483	21	194	78	50	12	0	194	144	66	8	6	2.88	5.5	0	0	0	12	0.724638	0.173913	40	0	40	-1	10000000000	0	290	0	31	21	23	0	1	0	0	0	0	1	2984	0	0	2.21739	0	29
7	507	22	204	82	52	12	0	204	152	70	8	6	2.92308	5.83333	0	0	0	12	0.753623	0.173913	42	0	42	-1	10000000000	0	305	0	33	22	24	0	1	0	0	0	0	1	3005	0	0	2.16667	0	29
9	525	23	212	84	54	12	0	212	158	72	8	6	2.92593	6	0	0	0	12	0.782609	0.173913	44	0	44	-1	10000000000	0	316	0	33	23	25	0	1	0	0	0	0	1	3027	0	0	2.12	0	29
5	549	24	222	88	56	12	0	222	166	76	8	6	2.96429	6.33333	0	0	0	12	0.811594	0.173913	46	0	46	-1	10000000000	0	331	0	35	24	26	0	1	0	0	0	0	1	3050	0	0	2.07692	0	29
4	567	25	230	90	58	12	0	230	172	78	8	6	2.96552	6.5	0	0	0	12	0.84058	0.173913	48	0	48	-1	10000000000	0	342	0	35	25	27	0	1	0	0	0	0	1	3074	0	0	2.03704	0	29
4	591	26	240	94	60	12	0	240	180	82	8	6	3	6.83333	0	0	0	12	0.869565	0.173913	50	0	50	-1	10000000000	0	357	0	37	26	28	0	1	0	0	0	0	1	3099	0	0	2	0	29
8	609	27	248	96	62	12	0	248	186	84	8	6	3	7	0	0	0	12	0.898551	0.173913	52	0	52	-1	10000000000	0	368	0	37	27	29	0	1	0	0	0	0	1	3125	0	0	1.96552	0	29
1	633	28	258	100	64	12	0	258	194	88	8	6	3.03125	7.33333	0	0	0	12	0.927536	0.173913	54	0	54	-1	10000000000	0	383	0	39	28	30	0	1	0	0	0	0	1	3152	0	0	1.93333	0	29
5	651	29	266	102	66	12	0	266	200	90	8	6	3.0303	7.5	0	0	0	12	0.956522	0.173913	56	0	56	-1	10000000000	0	394	0	39	29	31	0	1	0	0	0	0	1	3180	0	0	1.90323	0	29
0	675	31	277	107	68	12	0	277	209	95	10	7	3.07353	7.91667	0	0	0	12	0.985507	0.173913	56	0	56	-1	10000000000	0	408	0	45	31	35	0	1	0	0	0	0	1	3208	0	0	1.05714	0	3
0	679	31	278	108	69	13	0	278	209	95	10	7	3.02899	7.30769	0	0	0	12	1	0.188406	56	0	56	-1	10000000000	0	409	0	45	31	37	0	1	0	0	0	0	1	3236	0	0	1.81081	0	31
0	670	31	275	106	68	12	0	275	207	94	10	7	3.04412	7.83333	0	0	0	12	0.985507	0.173913	56	0	56	-1	10000000000	0	405	0	44	31	34	0	1	0	0	0	0	1	3264	0	0	1.05882	0	3
0	674	31	276	107	69	13	0	276	207	94	10	7	3	7.23077	0	0	0	12	1	0.188406	56	0	56	-1	10000000000	0	406	0	44	31	36	0	1	0	0	0	0	1	3292	0	0	1.83333	0	31
0	670	31	275	106	68	12	0	275	207	94	10	7	3.04412	7.83333	0	0	0	12	0.985507	0.173913	56	0	56	-1	10000000000	0	405	0	44	31	34	0	1	0	0	0	0	1	3320	0	0	1.05882	0	3
0	674	31	276	107	69	13	0	276	207	94	10	7	3	7.23077	0	0	0	12	1	0.188406	56	0	56	-1	10000000000	0	406	0	44	31	36	0	1	0	0	0	0	1	3348	0	0	1.83333	0	31
167	665	31	273	105	68	12	0	273	205	93	10	7	3.01471	7.75	0	0	0	12	0.985507	0.173913	56	0	56	-1	10000000000	0	402	0	43	31	33	0	1	0	0	0	0	1	3376	0	0	1.06061	0	3
0	669	31	274	106	69	13	0	274	205	93	10	7	2.97101	7.15385	0	0	0	12	1	0.188406	56	0	56	-1	10000000000	0	403	0	43	31	35	0	1	0	0	0	0	1	3404	0	0	1.85714	0	31
0	17	1	3	4	3	4	0	3	0	0	0	0	0	0	1	3	0	5	0.6	0.8	0	0	0	0	0	0	3	0	0	1	3	0	0	0	0	0	0	0	3405	0	0	1	0	1
0	28	2	8	5	5	5	0	8	3	0	2	0	0.6	0	3	2	0	5	1	1	0	0	0	0	0	0	7	0	0	2	5	1	0	0	0	0	0	0	3407	0	0	1.2	0	2
2	25	2	7	5	5	5	0	7	2	0	2	0	0.4	0	2	2.5	0	5	1	1	0	0	0	0	0	0	5	0	0	2	4	1	0	0	0	0	0	0	3409	0	0	1.25	0	2
0	59	2	8	23	5	21	0	8	3	2	1	2	0.6	0.0952381	5	2	0	10	0.0549451	0.230769	3	2	1	-1	10000000000	0	6	0	0	2	6	0	1	0	0	0	0	1	3411	0	0	1.16667	0	2
1	55	2	7	22	5	21	0	7	2	1	1	1	0.4	0.047619	5	2	0	10	0.0549451	0.230769	2	1	1	-1	10000000000	0	6	0	0	2	5	0	1	0	0	0	0	1	3413	0	0	1.2	0	2
0	68	2	11	25	8	22	0	11	3	3	2	2	0.375	0.136364	8	2	1	10	0.0879121	0.241758	2	0	2	-1	10000000000	0	11	0	2	2	6	0	2	0	0	0	0	2	3414	0	0	1.16667	0	2
0	77	4	12	29	10	25	0	12	2	4	1	4	0.2	0.16	8	2	0	10	0.10989	0.274725	3	0	3	-1	10000000000	0	10	0	1	4	9	1	3	0	0	0	0	3	3417	0	0	1.44444	0	5
0	88	6	16	28	13	25	0	16	3	3	1	3	0.230769	0.12	8	2	0	10	0.142857	0.274725	5	0	5	-1	10000000000	0	16	0	1	6	11	1	3	0	0	0	0	3	3422	0	0	1.36364	0	5
0	106	7	22	30	17	25	2	20	5	5	1	4	0.294118	0.2	10	1.8	0	10	0.186813	0.274725	7	0	7	-1	10000000000	0	24	0	2	7	13	1	3	0	0	0	0	3	3427	0	0	1.46154	0	7
0	99	7	20	29	16	25	2	18	4	4	1	3	0.25	0.16	9	1.88889	0	10	0.175824	0.274725	6	0	6	-1	10000000000	0	22	0	2	7	12	1	3	0	0	0	0	3	3432	0	0	1.5	0	7
0	102	6	21	30	16	25	2	19	5	5	1	4	0.3125	0.2	10	1.8	0	10	0.175824	0.274725	7	0	7	-1	10000000000	0	21	0	2	6	12	1	3	0	0	0	0	3	3436	0	0	1.5	0	7
0	95	6	19	29	15	25	2	17	4	4	1	3	0.266667	0.16	9	1.88889	0	10	0.164835	0.274725	6	0	6	-1	10000000000	0	19	0	2	6	11	1	3	0	0	0	0	3	3440	0	0	1.54545	0	7
0	140	17	28	36	18	27	12	16	10	9	5	7	0.555556	0.333333	13	2	0	10	0.197802	0.296703	3	0	3	-1	10000000000	0	35	0	1	17	29	5	5	0	0	0	0	5	3454	0	0	1.58621	0	18
0	190	25	42	41	21	28	16	26	21	13	6	7	1	0.464286	17	1.82353	0	10	0.230769	0.307692	6	0	6	-1	10000000000	0	48	0	1	25	44	7	6	0	0	0	0	6	3476	0	0	1.59091	0	27
0	185	25	40	41	20	28	16	24	20	13	6	7	1	0.464286	16	1.875	0	10	0.21978	0.307692	5	0	5	-1	10000000000	0	48	0	1	25	43	7	6	0	0	0	0	6	3498	0	0	1.60465	0	27
0	172	24	35	39	18	27	17	18	17	12	6	7	0.944444	0.444444	15	1.93333	0	10	0.197802	0.296703	3	0	3	-1	10000000000	0	48	0	1	24	42	6	6	0	0	0	0	6	3519	0	0	1.59524	0	26
0	181	25	38	42	19	27	16	22	19	15	6	8	1	0.555556	15	2	0	10	0.208791	0.296703	5	0	5	-1	10000000000	0	49	0	1	25	42	6	6	0	0	0	0	6	3541	0	0	1.59524	0	26
0	192	27	42	41	22	27	16	26	20	14	6	8	0.909091	0.518519	15	2	0	10	0.241758	0.296703	7	0	7	-1	10000000000	0	55	0	1	27	44	6	6	0	0	0	0	6	3565	0	0	1.56818	0	26
0	199	27	45	42	24	27	17	28	21	15	6	9	0.875	0.555556	16	1.9375	0	10	0.263736	0.296703	8	0	8	-1	10000000000	0	57	0	2	27	44	6	6	0	0	0	0	6	3589	0	0	1.59091	0	27
0	195	26	44	42	23	27	17	27	21	15	6	9	0.913043	0.555556	16	1.9375	0	10	0.252747	0.296703	8	0	8	-1	10000000000	0	54	0	2	26	43	6	6	0	0	0	0	6	3612	0	0	1.60465	0	27
0	196	26	44	43	21	28	16	28	23	15	6	8	1.09524	0.535714	16	1.875	0	10	0.230769	0.307692	6	0	6	-1	10000000000	0	49	0	1	26	46	8	7	0	0	0	0	7	3635	0	0	1.58696	0	28
0	191	26	42	43	20	28	16	26	22	15	6	8	1.1	0.535714	15	1.93333	0	10	0.21978	0.307692	5	0	5	-1	10000000000	0	49	0	1	26	45	8	7	0	0	0	0	7	3658	0	0	1.6	0	28
0	178	25	37	41	18	27	17	20	19	14	6	8	1.05556	0.518519	14	2	0	10	0.197802	0.296703	3	0	3	-1	10000000000	0	49	0	1	25	44	7	7	0	0	0	0	7	3680	0	0	1.59091	0	27
0	174	25	35	39	19	27	19	16	16	12	6	8	0.842105	0.444444	17	1.82353	0	10	0.208791	0.296703	3	0	3	-1	10000000000	0	51	0	1	25	41	5	5	0	0	0	0	5	3702	0	0	1.56098	0	24
0	198	27	44	42	22	28	18	26	22	14	6	8	1	0.5	17	1.82353	0	10	0.241758	0.307692	6	0	6	-1	10000000000	0	52	0	1	27	47	7	6	0	0	0	0	6	3726	0	0	1.57447	0	28
0	193	27	42	42	21	28	18	24	21	14	6	8	1	0.5	16	1.875	0	10	0.230769	0.307692	5	0	5	-1	10000000000	0	52	0	1	27	46	7	6	0	0	0	0	6	3750	0	0	1.58696	0	28
0	180	26	37	40	19	27	19	18	18	13	6	8	0.947368	0.481481	15	1.93333	0	10	0.208791	0.296703	3	0	3	-1	10000000000	0	52	0	1	26	45	6	6	0	0	0	0	6	3773	0	0	1.57778	0	27
0	185	26	39	43	19	27	17	22	20	16	6	9	1.05263	0.592593	15	2	0	10	0.208791	0.296703	5	0	5	-1	10000000000	0	51	0	1	26	43	6	6	0	0	0	0	6	3796	0	0	1.5814	0	26
0	196	28	43	42	22	27	17	26	21	15	6	9	0.954545	0.555556	15	2	0	10	0.241758	0.296703	7	0	7	-1	10000000000	0	57	0	1	28	45	6	6	0	0	0	0	6	3821	0	0	1.55556	0	26
0	203	28	46	43	24	27	18	28	22	16	6	10	0.916667	0.592593	16	1.9375	0	10	0.263736	0.296703	8	0	8	-1	10000000000	0	59	0	2	28	45	6	6	0	0	0	0	6	3846	0	0	1.57778	0	27
0	15	1	4	2	3	2	2	2	1	0	1	0	0.333333	0	4	1.75	0	2	0.6	0.4	0	0	0	0	0	0	4	0	0	1	2	0	0	0	0	0	0	0	22178550	0	0	0.5	0	0
10	15	1	4	3	2	3	0	4	2	0	2	0	1	0	2	2	0	2	0.4	0.6	1	1	0	-1	10000000000	0	2	0	0	1	2	0	0	0	0	0	0	0	22178550	0	0	0.5	0	0
0	30	2	6	5	5	5	0	6	1	0	1	0	0.2	0	1	1	0	7	0.25	0.25	1	0	1	-1	10000000000	0	6	0	0	2	6	1	1	0	0	0	0	1	22178552	0	0	1.16667	0	2
0	51	3	13	8	8	5	0	13	5	3	3	2	0.625	0.6	2	0.5	0	7	0.4	0.25	5	2	3	-1	10000000000	0	15	0	0	4	6	1	2	0	0	0	0	2	22178555	0	0	1.16667	0	2
0	78	5	21	8	12	5	0	21	9	3	3	2	0.75	0.6	3	0.333333	0	7	0.6	0.25	7	1	6	-1	10000000000	0	33	0	1	8	10	1	3	0	0	0	0	3	22178560	0	0	1.3	0	4
0	104	8	30	12	15	8	0	30	15	4	5	4	1	0.5	3	0.333333	0	7	0.75	0.4	9	2	7	-1	10000000000	0	46	0	1	11	16	1	4	0	0	0	0	4	22178565	0	0	1.3125	0	6
0	101	8	29	12	16	9	0	29	13	3	5	3	0.8125	0.333333	4	0.75	1	7	0.8	0.45	8	2	6	-1	10000000000	0	41	0	0	11	16	1	4	0	0	0	0	4	22178570	0	0	1.375	0	7
0	102	8	30	11	15	8	0	30	15	3	5	3	1	0.375	3	0.333333	0	7	0.75	0.4	9	2	7	-1	10000000000	0	46	0	1	11	15	1	4	0	0	0	0	4	22178575	0	0	1.33333	0	6
0	99	8	29	11	16	9	0	29	13	2	5	2	0.8125	0.222222	4	0.75	1	7	0.8	0.45	8	2	6	-1	10000000000	0	41	0	0	11	15	1	4	0	0	0	0	4	22178580	0	0	1.4	0	7
0	78	6	21	7	12	5	0	21	9	2	3	2	0.75	0.4	3	0.333333	0	7	0.6	0.25	7	1	6	-1	10000000000	0	33	0	0	9	11	1	3	0	0	0	0	3	22178585	0	0	1.36364	0	5
0	62	4	16	8	9	5	0	16	7	3	3	2	0.777778	0.6	2	0.5	0	7	0.45	0.25	5	1	4	-1	10000000000	0	23	0	1	5	9	1	3	0	0	0	0	3	22178589	0	0	1.33333	0	4
0	88	7	25	12	12	8	0	25	13	4	5	4	1.08333	0.5	2	0.5	0	7	0.6	0.4	7	2	5	-1	10000000000	0	36	0	1	8	15	1	4	0	0	0	0	4	22178593	0	0	1.33333	0	6
0	85	7	24	12	13	9	0	24	11	3	5	3	0.846154	0.333333	3	1	1	7	0.65	0.45	6	2	4	-1	10000000000	0	31	0	0	8	15	1	4	0	0	0	0	4	22178597	0	0	1.4	0	7
0	86	7	25	11	12	8	0	25	13	3	5	3	1.08333	0.375	2	0.5	0	7	0.6	0.4	7	2	5	-1	10000000000	0	36	0	1	8	14	1	4	0	0	0	0	4	22178601	0	0	1.35714	0	6
0	83	7	24	11	13	9	0	24	11	2	5	2	0.846154	0.222222	3	1	1	7	0.65	0.45	6	2	4	-1	10000000000	0	31	0	0	8	14	1	4	0	0	0	0	4	22178605	0	0	1.42857	0	7
0	62	5	16	7	9	5	0	16	7	2	3	2	0.777778	0.4	2	0.5	0	7	0.45	0.25	5	1	4	-1	10000000000	0	23	0	0	6	10	1	3	0	0	0	0	3	22178609	0	0	1.4	0	5
4	16	1	2	3	2	3	0	2	0	0	0	0	0	0	1	1	0	7	0.1	0.15	0	0	0	0	0	0	1	0	0	1	2	1	0	0	0	0	0	0	22178610	0	0	1	0	1
3	30	1	8	5	5	5	0	8	3	0	2	0	0.6	0	4	1	0	5	0.454545	0.454545	2	1	1	-1	10000000000	0	4	0	1	1	3	1	0	0	0	0	0	0	22178611	0	0	1	0	1
0	23	2	6	4	4	3	0	6	2	1	2	1	0.5	0.333333	0	0	0	5	0.363636	0.272727	2	0	2	-1	10000000000	0	2	0	0	2	4	2	1	0	0	0	0	1	22178613	0	0	1	0	1
1	31	2	10	5	6	5	0	10	4	0	2	0	0.666667	0	1	2	1	5	0.545455	0.454545	3	1	2	-1	10000000000	0	2	0	0	2	5	2	1	0	0	0	0	1	22178615	0	0	1.2	0	2
0	17	2	2	2	2	2	1	1	0	0	0	0	0	0	1	1	0	7	0.0833333	0.0833333	0	0	0	0	0	0	3	0	0	2	3	1	0	0	0	0	0	0	22178617	0	0	0.666667	0	0
0	34	5	7	2	5	2	6	1	2	0	1	0	0.4	0	3	2	0	7	0.208333	0.0833333	0	0	0	0	0	0	12	0	0	5	9	1	0	0	0	0	0	0	22178622	0	0	2.77778	0	17
0	30	5	5	2	3	2	4	1	2	0	1	0	0.666667	0	2	1	0	7	0.125	0.0833333	0	0	0	0	0	0	11	0	0	5	8	1	0	0	0	0	0	0	22178627	0	0	3	0	17
0	56	9	13	3	8	3	7	6	5	0	2	0	0.625	0	5	2	0	7	0.333333	0.125	2	0	2	-1	10000000000	0	24	0	0	9	14	1	1	0	0	0	0	1	22178635	0	0	2.35714	0	20
0	48	9	9	3	5	3	5	4	4	0	2	0	0.8	0	4	1.25	0	7	0.208333	0.125	1	0	1	-1	10000000000	0	21	0	0	9	13	1	1	0	0	0	0	1	22178643	0	0	2.46154	0	20
0	47	8	9	4	4	3	4	5	5	1	2	1	1.25	0.333333	3	1.33333	0	7	0.166667	0.125	1	0	1	-1	10000000000	0	21	0	1	8	12	1	1	0	0	0	0	1	22178650	0	0	1.5	0	7
0	50	9	10	3	6	3	7	3	4	0	1	0	0.666667	0	5	1.8	0	7	0.25	0.125	1	0	1	-1	10000000000	0	22	0	0	10	13	1	1	0	0	0	0	1	22178658	0	0	2.46154	0	20
0	79	17	16	3	5	3	13	3	11	0	2	0	2.2	0	7	1.14286	0	7	0.208333	0.125	1	0	1	-1	10000000000	0	40	0	0	18	25	1	1	0	0	0	0	1	22178674	0	0	1.6	0	16
0	96	18	24	5	9	5	21	3	15	0	5	0	1.66667	0	11	1.54545	0	7	0.375	0.208333	1	0	1	-1	10000000000	0	45	0	0	19	27	1	1	0	0	0	0	1	22178691	0	0	2	0	28
0	115	21	27	10	12	6	21	6	15	4	5	2	1.25	0.666667	13	1.30769	0	7	0.5	0.25	1	0	1	-1	10000000000	0	51	0	0	22	33	1	1	0	0	0	0	1	22178710	0	0	1.9697	0	33
0	118	22	28	10	13	7	21	7	15	3	5	2	1.15385	0.428571	15	1.2	0	7	0.541667	0.291667	1	0	1	-1	10000000000	0	54	0	0	23	32	1	1	0	0	0	0	1	22178730	0	0	1.5625	0	19
0	121	22	28	11	13	7	21	7	15	4	5	2	1.15385	0.571429	14	1.28571	0	7	0.541667	0.291667	1	0	1	-1	10000000000	0	54	0	0	23	35	1	1	0	0	0	0	1	22178750	0	0	1.91429	0	33
0	109	20	26	9	11	6	20	6	15	3	5	2	1.36364	0.5	12	1.33333	0	7	0.458333	0.25	1	0	1	-1	10000000000	0	49	0	0	21	31	1	1	0	0	0	0	1	22178768	0	0	2	0	32
0	109	21	25	10	11	6	19	6	14	4	4	2	1.27273	0.666667	10	1.2	0	7	0.458333	0.25	1	0	1	-1	10000000000	0	49	0	0	22	32	1	1	0	0	0	0	1	22178787	0	0	2	0	33
0	112	22	26	10	12	7	19	7	14	3	4	2	1.16667	0.428571	12	1.08333	0	7	0.5	0.291667	1	0	1	-1	10000000000	0	52	0	0	23	31	1	1	0	0	0	0	1	22178807	0	0	1.58065	0	19
0	115	22	26	11	12	7	19	7	14	4	4	2	1.16667	0.571429	11	1.18182	0	7	0.5	0.291667	1	0	1	-1	10000000000	0	52	0	0	23	34	1	1	0	0	0	0	1	22178827	0	0	1.94118	0	33
0	103	20	24	9	10	6	18	6	14	3	4	2	1.4	0.5	9	1.22222	0	7	0.416667	0.25	1	0	1	-1	10000000000	0	47	0	0	21	30	1	1	0	0	0	0	1	22178845	0	0	2.03333	0	32
0	102	19	25	5	9	5	20	5	16	0	6	0	1.77778	0	13	1.53846	0	7	0.375	0.208333	1	0	1	-1	10000000000	0	47	0	0	20	29	2	1	0	0	0	0	1	22178863	0	0	1.96552	0	29
0	99	19	24	5	9	5	20	4	15	0	5	0	1.66667	0	12	1.58333	0	7	0.375	0.208333	1	0	1	-1	10000000000	0	46	0	0	20	28	2	1	0	0	0	0	1	22178881	0	0	2	0	29
0	98	19	22	5	10	5	17	5	12	0	3	0	1.2	0	13	1.38462	0	7	0.416667	0.208333	1	0	1	-1	10000000000	0	46	0	0	20	28	2	1	0	0	0	0	1	22178899	0	0	1.96429	0	28
0	118	22	27	10	11	6	20	7	16	4	6	2	1.45455	0.666667	14	1.35714	0	7	0.458333	0.25	1	0	1	-1	10000000000	0	52	0	0	23	34	2	1	0	0	0	0	1	22178919	0	0	1.94118	0	33
0	121	23	28	10	12	7	20	8	16	3	6	2	1.33333	0.428571	16	1.25	0	7	0.5	0.291667	1	0	1	-1	10000000000	0	55	0	0	24	33	2	1	0	0	0	0	1	22178940	0	0	1.54545	0	19
0	124	23	28	11	12	7	20	8	16	4	6	2	1.33333	0.571429	15	1.33333	0	7	0.5	0.291667	1	0	1	-1	10000000000	0	55	0	0	24	36	2	1	0	0	0	0	1	22178961	0	0	1.88889	0	33
0	112	21	26	9	10	6	19	7	16	3	6	2	1.6	0.5	13	1.38462	0	7	0.416667	0.25	1	0	1	-1	10000000000	0	50	0	0	22	32	2	1	0	0	0	0	1	22178980	0	0	1.96875	0	32
0	112	22	25	10	10	6	18	7	15	4	5	2	1.5	0.666667	11	1.27273	0	7	0.416667	0.25	1	0	1	-1	10000000000	0	50	0	0	23	33	2	1	0	0	0	0	1	22179000	0	0	1.9697	0	33
0	20	2	2	2	2	2	1	1	0	0	0	0	0	0	1	1	0	10	0.0714286	0.0714286	0	0	0	0	0	0	3	0	0	2	3	1	0	0	0	0	0	0	25081283	0	0	0.666667	0	0
0	39	5	7	3	5	3	6	1	2	0	1	0	0.4	0	3	2	0	10	0.178571	0.107143	0	0	0	0	0	0	12	0	0	5	10	1	0	0	0	0	0	0	25081288	0	0	2.6	0	17
0	35	5	5	3	3	3	4	1	2	0	1	0	0.666667	0	2	1	0	10	0.107143	0.107143	0	0	0	0	0	0	11	0	0	5	9	1	0	0	0	0	0	0	25081293	0	0	2.77778	0	17
0	50	8	9	3	5	3	7	2	4	0	1	0	0.8	0	5	1.8	0	10	0.178571	0.107143	1	0	1	-1	10000000000	0	20	0	0	9	12	1	0	0	0	0	0	0	25081301	0	0	2.5	0	19
0	90	18	19	3	8	3	16	3	11	0	2	0	1.375	0	8	1.625	0	10	0.285714	0.107143	1	0	1	-1	10000000000	0	43	0	0	19	28	1	0	0	0	0	0	0	25081319	0	0	1.60714	0	18
0	107	19	27	5	10	5	24	3	17	0	5	0	1.7	0	12	1.83333	0	10	0.357143	0.178571	1	0	1	-1	10000000000	0	48	0	0	20	30	1	0	0	0	0	0	0	25081338	0	0	1.93333	0	29
0	140	25	34	11	15	7	26	8	19	4	7	2	1.26667	0.571429	15	1.6	0	10	0.535714	0.25	1	0	1	-1	10000000000	0	62	0	0	26	41	1	0	0	0	0	0	0	25081361	0	0	1.85366	0	36
0	137	25	33	11	15	7	25	8	18	4	7	2	1.2	0.571429	14	1.57143	0	10	0.535714	0.25	1	0	1	-1	10000000000	0	61	0	0	26	40	1	0	0	0	0	0	0	25081384	0	0	1.875	0	36
0	141	25	34	11	15	7	26	8	19	4	7	2	1.26667	0.571429	16	1.5625	0	10	0.535714	0.25	1	0	1	-1	10000000000	0	62	0	0	26	41	1	0	0	0	0	0	0	25081407	0	0	1.85366	0	36
0	142	25	35	11	15	7	27	8	20	4	8	2	1.33333	0.571429	16	1.6875	0	10	0.535714	0.25	1	0	1	-1	10000000000	0	62	0	0	26	41	1	0	0	0	0	0	0	25081430	0	0	1.85366	0	36
0	133	24	32	11	16	8	24	8	16	3	5	2	1	0.375	16	1.4375	0	10	0.571429	0.285714	1	0	1	-1	10000000000	0	60	0	0	25	36	1	0	0	0	0	0	0	25081453	0	0	1.55556	0	21
0	146	26	35	12	16	8	26	9	19	4	7	2	1.1875	0.5	16	1.5625	0	10	0.571429	0.285714	1	0	1	-1	10000000000	0	65	0	0	27	43	1	0	0	0	0	0	0	25081477	0	0	1.81395	0	36
0	143	26	34	12	16	8	25	9	18	4	7	2	1.125	0.5	15	1.53333	0	10	0.571429	0.285714	1	0	1	-1	10000000000	0	64	0	0	27	42	1	0	0	0	0	0	0	25081501	0	0	1.83333	0	36
0	147	26	35	12	16	8	26	9	19	4	7	2	1.1875	0.5	17	1.52941	0	10	0.571429	0.285714	1	0	1	-1	10000000000	0	65	0	0	27	43	1	0	0	0	0	0	0	25081525	0	0	1.81395	0	36
0	148	26	36	12	16	8	27	9	20	4	8	2	1.25	0.5	17	1.64706	0	10	0.571429	0.285714	1	0	1	-1	10000000000	0	65	0	0	27	43	1	0	0	0	0	0	0	25081549	0	0	1.81395	0	36
0	134	24	33	10	14	7	25	8	19	3	7	2	1.35714	0.428571	14	1.64286	0	10	0.5	0.25	1	0	1	-1	10000000000	0	60	0	0	25	39	1	0	0	0	0	0	0	25081571	0	0	1.87179	0	35
0	131	24	32	10	14	7	24	8	18	3	7	2	1.28571	0.428571	13	1.61538	0	10	0.5	0.25	1	0	1	-1	10000000000	0	59	0	0	25	38	1	0	0	0	0	0	0	25081593	0	0	1.89474	0	35
0	135	24	33	10	14	7	25	8	19	3	7	2	1.35714	0.428571	15	1.6	0	10	0.5	0.25	1	0	1	-1	10000000000	0	60	0	0	25	39	1	0	0	0	0	0	0	25081615	0	0	1.87179	0	35
0	136	24	34	10	14	7	26	8	20	3	8	2	1.42857	0.428571	15	1.73333	0	10	0.5	0.25	1	0	1	-1	10000000000	0	60	0	0	25	39	1	0	0	0	0	0	0	25081637	0	0	1.87179	0	35
0	130	23	31	12	15	9	23	8	16	3	5	2	1.06667	0.333333	15	1.46667	0	10	0.535714	0.321429	1	0	1	-1	10000000000	0	58	0	0	24	35	1	0	0	0	0	0	0	25081659	0	0	1.57143	0	21
0	142	25	34	13	15	9	25	9	19	4	7	2	1.26667	0.444444	15	1.6	0	10	0.535714	0.321429	1	0	1	-1	10000000000	0	63	0	0	26	41	1	0	0	0	0	0	0	25081682	0	0	1.82927	0	35
0	139	25	33	13	15	9	24	9	18	4	7	2	1.2	0.444444	14	1.57143	0	10	0.535714	0.321429	1	0	1	-1	10000000000	0	62	0	0	26	40	1	0	0	0	0	0	0	25081705	0	0	1.85	0	35
0	143	25	34	13	15	9	25	9	19	4	7	2	1.26667	0.444444	16	1.5625	0	10	0.535714	0.321429	1	0	1	-1	10000000000	0	63	0	0	26	41	1	0	0	0	0	0	0	25081728	0	0	1.82927	0	35
0	144	25	35	13	15	9	26	9	20	4	8	2	1.33333	0.444444	16	1.6875	0	10	0.535714	0.321429	1	0	1	-1	10000000000	0	63	0	0	26	41	1	0	0	0	0	0	0	25081751	0	0	1.82927	0	35
0	136	24	33	12	14	8	25	8	19	4	7	2	1.35714	0.5	14	1.64286	0	10	0.5	0.285714	1	0	1	-1	10000000000	0	60	0	0	25	39	1	0	0	0	0	0	0	25081773	0	0	1.87179	0	35
