3.43801	121	9	47	15	21	12	0	47	26	3	8	1	1.2381	0.25	2	6	0	11	0.777778	0.444444	12	1	10	-1	10000000000	0	43	0	6	10	15	0	1	0	0	0	0	1	543	0	0	1.46667	0	8
91.1072	107	8	39	15	19	12	0	39	20	3	7	1	1.05263	0.25	1	7	0	11	0.703704	0.444444	10	1	8	-1	10000000000	0	39	0	6	9	13	0	1	0	0	0	0	1	555	0	0	1.46154	0	7
5.25619	103	8	38	14	19	12	0	38	19	2	7	1	1	0.166667	1	7	0	11	0.703704	0.444444	10	1	8	-1	10000000000	0	37	0	5	9	12	0	1	0	0	0	0	1	1107	0	0	1.5	0	7
99.6124	43	2	5	9	3	8	0	5	2	1	1	1	0.666667	0.125	0	0	0	18	0.0576923	0.153846	1	1	0	257	256	0	8	0	1	2	5	0	1	0	0	0	0	1	12365	0	0	1.2	0	2
99.9985	53	2	5	10	3	9	0	5	2	1	1	1	0.666667	0.111111	0	0	0	28	0.0258621	0.0775862	1	1	0	256	256	0	8	0	1	2	5	0	1	0	0	0	0	1	24245	0	0	1.2	0	2
56.773	110	4	28	17	16	15	0	28	12	2	4	1	0.75	0.133333	1	8	0	39	0.108108	0.101351	6	3	3	100	3	0	36	0	3	4	6	0	1	0	0	0	0	1	24871	0	0	1.66667	0	5
26.1733	197	6	63	28	28	24	0	63	35	4	8	3	1.25	0.166667	1	3	0	39	0.189189	0.162162	18	5	13	100	3	0	90	0	11	7	10	0	3	0	0	0	0	3	24914	0	0	1.6	0	7
1.427	224	9	74	29	30	24	0	74	44	5	11	4	1.46667	0.208333	1	3	0	39	0.202703	0.162162	20	5	15	100	3	0	107	0	13	10	15	0	4	0	0	0	0	4	24956	0	0	1.6	0	10
1.64052	202	10	63	25	26	21	0	63	37	4	10	3	1.42308	0.190476	1	3	0	39	0.175676	0.141892	16	3	13	100	3	0	96	0	12	11	16	0	4	0	0	0	0	4	25038	0	0	1.5625	0	10
9.06123	175	7	52	24	24	21	0	52	28	3	8	2	1.16667	0.142857	1	3	0	39	0.162162	0.141892	14	3	11	100	3	0	79	0	10	8	11	0	3	0	0	0	0	3	25039	0	0	1.54545	0	7
3.00865	71	1	8	13	4	12	0	8	4	1	1	1	1	0.0833333	0	0	0	39	0.027027	0.0810811	3	3	0	100	3	0	13	0	1	1	3	0	1	0	0	0	0	1	25207	0	0	2	0	4
25.434	32	1	3	9	3	9	0	3	0	0	0	0	0	0	0	0	0	14	0.09375	0.28125	0	0	0	0	0	0	6	0	2	1	3	0	0	0	0	0	0	0	25207	0	0	1.33333	0	2
50.2143	43	2	7	11	5	10	0	7	2	1	2	1	0.4	0.1	0	0	0	14	0.15625	0.3125	1	0	1	-1	10000000000	0	13	0	3	2	4	0	1	0	0	0	0	1	25207	0	0	1	0	1
1.11334	66	4	15	14	8	12	0	15	7	2	4	1	0.875	0.166667	0	0	0	14	0.25	0.375	2	0	2	-1	10000000000	0	26	0	5	4	10	0	3	0	0	0	0	3	25207	0	0	1.4	0	5
6.6838	112	6	40	17	19	15	0	40	21	2	9	2	1.10526	0.133333	1	6	0	14	0.59375	0.46875	6	1	5	-1	10000000000	0	57	0	11	6	11	0	4	0	0	0	0	4	25245	0	0	1.27273	0	4
3.00476	153	8	61	21	21	16	0	61	40	5	14	4	1.90476	0.3125	2	6	0	14	0.65625	0.5	9	2	7	-1	10000000000	0	82	0	15	8	14	0	5	0	0	0	0	5	25265	0	0	1.35714	0	6
1.29078	194	10	82	25	23	17	0	82	59	8	14	4	2.56522	0.470588	3	6	0	14	0.71875	0.53125	12	3	9	-1	10000000000	0	107	0	19	10	17	0	6	0	0	0	0	6	25276	0	0	1.41176	0	8
1.07424	184	10	77	25	23	17	0	77	54	8	14	4	2.34783	0.470588	3	6	0	14	0.71875	0.53125	11	3	8	-1	10000000000	0	98	0	16	10	17	0	6	0	0	0	0	6	25282	0	0	1.47059	0	9
7.95278	47	3	8	11	5	10	0	8	3	1	2	1	0.6	0.1	0	0	0	14	0.15625	0.3125	1	0	1	-1	10000000000	0	15	0	3	3	6	0	2	0	0	0	0	2	25282	0	0	1.5	0	4
2.60443	40	3	12	8	4	4	0	12	8	4	3	2	2	1	0	0	0	4	1	1	0	0	0	0	0	0	21	0	0	3	7	0	0	0	0	0	0	0	25282	0	0	1.28571	0	3
2.80252	37	3	11	7	4	4	0	11	7	3	3	2	1.75	0.75	0	0	0	4	1	1	0	0	0	0	0	0	20	0	0	3	6	0	0	0	0	0	0	0	25282	0	0	1.33333	0	3
13.2354	28	2	8	6	4	4	0	8	4	2	2	2	1	0.5	0	0	0	4	1	1	0	0	0	0	0	0	14	0	0	2	4	0	0	0	0	0	0	0	25282	0	0	1.25	0	2
11.366	33	3	9	5	3	3	0	9	6	2	3	1	2	0.666667	0	0	0	4	0.75	0.75	0	0	0	0	0	0	18	0	0	3	6	0	0	0	0	0	0	0	25282	0	0	1.33333	0	3
12.2305	30	3	8	4	3	3	0	8	5	1	3	1	1.66667	0.333333	0	0	0	4	0.75	0.75	0	0	0	0	0	0	17	0	0	3	5	0	0	0	0	0	0	0	25282	0	0	1.4	0	3
57.7611	21	2	5	3	3	3	0	5	2	0	1	0	0.666667	0	0	0	0	4	0.75	0.75	0	0	0	0	0	0	11	0	0	2	3	0	0	0	0	0	0	0	25282	0	0	1.33333	0	2
24.1427	47	2	11	9	8	9	0	11	3	0	3	0	0.375	0	0	0	0	12	0.115942	0.130435	2	0	2	-1	10000000000	0	19	0	0	2	3	0	0	0	0	0	0	0	25283	0	0	10	0	28
13.4072	71	3	21	13	10	9	0	21	11	4	5	4	1.1	0.444444	0	0	0	12	0.144928	0.130435	4	0	4	-1	10000000000	0	34	0	2	3	4	0	0	0	0	0	0	0	25285	0	0	7.75	0	28
7.2765	95	4	31	17	12	9	0	31	19	8	5	4	1.58333	0.888889	0	0	0	12	0.173913	0.130435	6	0	6	-1	10000000000	0	49	0	4	4	5	0	0	0	0	0	0	0	25288	0	0	6.4	0	28
5.61329	119	5	41	21	14	9	0	41	27	12	5	4	1.92857	1.33333	0	0	0	12	0.202899	0.130435	8	0	8	-1	10000000000	0	64	0	6	5	6	0	0	0	0	0	0	0	25292	0	0	5.5	0	28
5.11891	143	6	51	25	16	9	0	51	35	16	5	4	2.1875	1.77778	0	0	0	12	0.231884	0.130435	10	0	10	-1	10000000000	0	79	0	8	6	7	0	0	0	0	0	0	0	25297	0	0	4.85714	0	28
4.62608	167	7	61	29	18	9	0	61	43	20	5	4	2.38889	2.22222	0	0	0	12	0.26087	0.130435	12	0	12	-1	10000000000	0	94	0	10	7	8	0	0	0	0	0	0	0	25303	0	0	4.375	0	28
4.4469	191	8	71	33	20	9	0	71	51	24	5	4	2.55	2.66667	0	0	0	12	0.289855	0.130435	14	0	14	-1	10000000000	0	109	0	12	8	9	0	0	0	0	0	0	0	25310	0	0	4	0	28
4.06555	215	9	81	37	22	9	0	81	59	28	5	4	2.68182	3.11111	0	0	0	12	0.318841	0.130435	16	0	16	-1	10000000000	0	124	0	14	9	10	0	0	0	0	0	0	0	25318	0	0	3.7	0	28
3.57644	239	10	91	41	24	9	0	91	67	32	5	4	2.79167	3.55556	0	0	0	12	0.347826	0.130435	18	0	18	-1	10000000000	0	139	0	16	10	11	0	0	0	0	0	0	0	25327	0	0	3.45455	0	28
3.01354	263	11	101	45	26	9	0	101	75	36	5	4	2.88462	4	0	0	0	12	0.376812	0.130435	20	0	20	-1	10000000000	0	154	0	18	11	12	0	0	0	0	0	0	0	25337	0	0	3.25	0	28
2.27374	287	12	111	49	28	9	0	111	83	40	5	4	2.96429	4.44444	0	0	0	12	0.405797	0.130435	22	0	22	-1	10000000000	0	169	0	20	12	13	0	0	0	0	0	0	0	25348	0	0	3.07692	0	28
2.11726	311	13	121	53	30	9	0	121	91	44	5	4	3.03333	4.88889	0	0	0	12	0.434783	0.130435	24	0	24	-1	10000000000	0	184	0	22	13	14	0	0	0	0	0	0	0	25360	0	0	2.92857	0	28
2.20176	357	15	140	60	38	12	0	140	102	48	8	4	2.68421	4	0	0	0	12	0.550725	0.173913	28	0	28	-1	10000000000	0	212	0	25	15	17	0	1	0	0	0	0	1	25387	0	0	2.64706	0	29
1.03018	399	17	158	66	42	12	0	158	116	54	8	6	2.7619	4.5	0	0	0	12	0.608696	0.173913	32	0	32	-1	10000000000	0	238	0	27	17	19	0	1	0	0	0	0	1	25418	0	0	2.47368	0	29
13.2307	665	31	273	105	68	12	0	273	205	93	10	7	3.01471	7.75	0	0	0	12	0.985507	0.173913	56	0	56	-1	10000000000	0	402	0	43	31	33	0	1	0	0	0	0	1	25884	0	0	1.06061	0	3
49.8948	79	3	18	12	9	10	0	18	9	2	3	1	1	0.2	1	4	0	29	0.130435	0.144928	4	2	2	100	100	0	26	0	3	3	5	0	1	0	0	0	0	1	25912	0	0	1.6	0	4
48.5445	53	1	6	9	3	8	0	6	3	1	1	1	1	0.125	0	0	0	29	0.0434783	0.115942	2	2	0	100	100	0	10	0	1	1	3	0	1	0	0	0	0	1	27044	0	0	1.66667	0	3
6.30133	79	5	28	10	13	9	0	28	15	1	6	1	1.15385	0.111111	0	0	0	8	0.590909	0.409091	6	1	5	-1	10000000000	0	39	0	5	5	10	0	2	0	0	0	0	2	27055	0	0	1.3	0	4
43.3482	75	5	26	10	12	9	0	26	14	1	7	1	1.16667	0.111111	0	0	0	8	0.545455	0.409091	5	1	4	-1	10000000000	0	37	0	5	5	10	0	2	0	0	0	0	2	27056	0	0	1.3	0	4
1.81421	63	4	20	10	9	9	0	20	11	1	6	1	1.22222	0.111111	0	0	0	8	0.409091	0.409091	3	1	2	-1	10000000000	0	30	0	5	4	9	0	2	0	0	0	0	2	27058	0	0	1.33333	0	4
45.7885	30	3	7	5	3	5	0	7	4	0	2	0	1.33333	0	0	0	0	8	0.136364	0.227273	0	0	0	0	0	0	12	0	2	3	5	0	1	0	0	0	0	1	27059	0	0	1.4	0	3
100	25	2	7	5	5	5	0	7	2	0	2	0	0.4	0	2	2.5	0	5	1	1	0	0	0	0	0	0	5	0	0	2	4	1	0	0	0	0	0	0	27064	0	0	1.25	0	2
6.25	59	2	8	23	5	21	0	8	3	2	1	2	0.6	0.0952381	5	2	0	10	0.0549451	0.230769	3	2	1	-1	10000000000	0	6	0	0	2	6	0	1	0	0	0	0	1	27066	0	0	1.16667	0	2
87.5	55	2	7	22	5	21	0	7	2	1	1	1	0.4	0.047619	5	2	0	10	0.0549451	0.230769	2	1	1	-1	10000000000	0	6	0	0	2	5	0	1	0	0	0	0	1	27068	0	0	1.2	0	2
3.75	68	2	11	25	8	22	0	11	3	3	2	2	0.375	0.136364	8	2	1	10	0.0879121	0.241758	2	0	2	-1	10000000000	0	11	0	2	2	6	0	2	0	0	0	0	2	27069	0	0	1.16667	0	2
100	15	1	4	3	2	3	0	4	2	0	2	0	1	0	2	2	0	2	0.4	0.6	1	1	0	-1	10000000000	0	2	0	0	1	2	0	0	0	0	0	0	0	22202205	0	0	0.5	0	0
100	16	1	2	3	2	3	0	2	0	0	0	0	0	0	1	1	0	7	0.1	0.15	0	0	0	0	0	0	1	0	0	1	2	1	0	0	0	0	0	0	22202265	0	0	1	0	1
75	30	1	8	5	5	5	0	8	3	0	2	0	0.6	0	4	1	0	5	0.454545	0.454545	2	1	1	-1	10000000000	0	4	0	1	1	3	1	0	0	0	0	0	0	22202266	0	0	1	0	1
25	31	2	10	5	6	5	0	10	4	0	2	0	0.666667	0	1	2	1	5	0.545455	0.454545	3	1	2	-1	10000000000	0	2	0	0	2	5	2	1	0	0	0	0	1	22202270	0	0	1.2	0	2
80	50	7	10	4	4	3	3	7	6	1	3	1	1.5	0.333333	6	1.66667	0	7	0.166667	0.125	1	0	1	-1	10000000000	0	19	0	1	7	12	1	1	0	0	0	0	1	24400874	0	0	1.5	0	7
20	121	23	25	12	10	8	14	11	15	4	5	2	1.5	0.5	15	1.46667	0	7	0.416667	0.333333	1	0	1	-1	10000000000	0	51	0	0	24	34	3	1	0	0	0	0	1	24416680	0	0	1.94118	0	33
